16.633,30,498,41
B0,mixamorig_Hips,-1,0.9863135814666748,-0.1582777351140976,0.04618508368730545,0,0.16040247678756714,0.9859504699707031,-0.04661162197589874,0,-0.03815893828868866,0.05338169261813164,0.9978450536727905,0,-0.0001085817493731156,0.09170842915773392,-0.0016164578264579177,1
B1,mixamorig_Spine,0,0.9863203763961792,0.16405954957008362,0.01599544659256935,0,-0.16363751888275146,0.986207902431488,-0.02482503652572632,0,-0.01984734833240509,0.02186751738190651,0.9995633959770203,0,0,0.012593000195920467,0.000035000000934815034,1
B2,mixamorig_Spine1,1,0.9988047480583191,0.045165084302425385,0.01868429034948349,0,-0.044586922973394394,0.9985457062721252,-0.03026319295167923,0,-0.020023901015520096,0.02939368598163128,0.9993666410446167,0,0,0.014692000113427639,0,1
B3,mixamorig_Spine2,2,0.9987947940826416,0.04487868398427963,0.019885538145899773,0,-0.044270388782024384,0.9985664486885071,-0.03005061112344265,0,-0.021206017583608627,0.029134012758731842,0.9993498921394348,0,0,0.016790999099612236,0,1
B4,mixamorig_Neck,3,0.9940806031227112,-0.10818915069103241,-0.009965409524738789,0,0.10864712297916412,0.9901689887046814,0.08809687197208405,0,0.000336849014274776,-0.08865835517644882,0.9960615038871765,0,0,0.01888900063931942,0,1
B5,mixamorig_Head,4,0.9997541308403015,0.017555680125951767,0.013570117764174938,0,-0.015401002950966358,0.9892887473106384,-0.14514872431755066,0,-0.015972794964909554,0.14490419626235962,0.989315390586853,0,0,0.0034030000679194927,0.0013020000187680125,1
B6,mixamorig_HeadTop_End,5,1,0,0,0,0,1,0,0,0,0,1,0,0,0.00001700000029813964,0.000006000000212225132,1
B7,mixamorig_LeftShoulder,3,0.09446445852518082,0.008979875594377518,-0.995486855506897,0,0.8926852941513062,-0.4433935284614563,0.08070890605449677,0,-0.4406677782535553,-0.8962817788124084,-0.04990265518426895,0,0.007675999775528908,0.016594000160694122,0.00006399999983841553,1
B8,mixamorig_LeftArm,7,0.9648395776748657,-0.24008695781230927,-0.10693332552909851,0,0.20220443606376648,0.418175607919693,0.8855710029602051,0,-0.16790007054805756,-0.8760599493980408,0.4520251452922821,0,0,0.015620999969542027,0,1
B9,mixamorig_LeftForeArm,8,0.9340972304344177,0.35701683163642883,0.0009318700176663697,0,-0.35701584815979004,0.9340981245040894,-0.0009581299964338541,0,-0.0012120000319555402,0.0005619999719783664,0.9999989867210388,0,0,0.03119499981403351,0,1
B10,mixamorig_LeftHand,9,0.9024117588996887,0.14409905672073364,-0.4060634970664978,0,-0.14675210416316986,0.9888626337051392,0.02478109486401081,0,0.40511155128479004,0.03722720593214035,0.9135086536407471,0,0,0.03161799907684326,0,1
B11,mixamorig_LeftHandThumb1,10,0.9690685272216797,0.18689917027950287,-0.1611652374267578,0,-0.15854515135288239,0.9719329476356506,0.1738114058971405,0,0.18912756443023682,-0.14288318157196045,0.9715012907981873,0,-0.004736000206321478,0.0035490000154823065,0,1
B12,mixamorig_LeftHandThumb2,11,0.9788174629211426,-0.2047135829925537,-0.003016135888174176,0,0.20432697236537933,0.9758256077766418,0.0775495246052742,0,-0.01293209008872509,-0.0765233039855957,0.9969840049743652,0,-0.0005729999975301325,0.004699999932199717,0,1
B13,mixamorig_LeftHandThumb3,12,0.9451825618743896,0.2688869833946228,0.18528391420841217,0,-0.2500531077384949,0.9609045386314392,-0.11889126896858215,0,-0.21000832319259644,0.0660427063703537,0.9754667282104492,0,-0.0008769999840296805,0.006339999847114086,0,1
B14,mixamorig_LeftHandThumb4,13,1,0,0,0,0,1,0,0,0,0,1,0,0.001449999981559813,0.005067000165581703,0,1
B15,mixamorig_LeftHandIndex1,10,0.9974790811538696,0.06807765364646912,0.020040005445480347,0,-0.07093799114227295,0.9486891031265259,0.3081498146057129,0,0.0019667288288474083,-0.3087950646877289,0.9511268734931946,0,0,0.00672700023278594,0.00005199999941396527,1
B16,mixamorig_LeftHandIndex2,15,0.999812126159668,-0.01904391497373581,-0.003658740082755685,0,0.019071044400334358,0.9313800930976868,0.3635486662387848,0,-0.003515830496326089,-0.36355066299438477,0.931567907333374,0,0.0001720000000204891,0.009673000313341618,0,1
B17,mixamorig_LeftHandIndex3,16,0.9980248212814331,0.062566377222538,0.005696096457540989,0,-0.057570476084947586,0.8744856715202332,0.481622576713562,0,0.025152424350380898,-0.4809991717338562,0.8763596415519714,0,-0.00021600000036414713,0.007579000201076269,0,1
B18,mixamorig_LeftHandIndex4,17,1,0,0,0,0,1,0,0,0,0,1,0,0.00004400000034365803,0.005797000136226416,0,1
B19,mixamorig_RightShoulder,3,0.0064254445023834705,-0.01183149591088295,0.9999088644981384,0,-0.896325945854187,-0.4433954358100891,0.0005133386584930122,0,0.44334909319877625,-0.8962484002113342,-0.01345408707857132,0,-0.007675999775528908,0.016592999920248985,-0.000050999999075429514,1
B20,mixamorig_RightArm,19,0.9785411953926086,0.027707885950803757,0.20416802167892456,0,-0.1721080094575882,0.6546949148178101,0.7360334992408752,0,-0.11327055841684341,-0.7553821206092834,0.6454178690910339,0,0,0.015620999969542027,0,1
B21,mixamorig_RightForeArm,20,0.8880482912063599,-0.4597490727901459,-0.0010221299016848207,0,0.4597509503364563,0.8880462646484375,0.001836129929870367,0,0.000063000014051795,-0.0021011298522353172,0.9999979734420776,0,0,0.031202999874949455,0,1
B22,mixamorig_RightHand,21,0.8620567917823792,-0.02173292450606823,0.5063458681106567,0,0.03485121950507164,0.9992571473121643,-0.016445286571979523,0,-0.5056121349334717,0.03182373195886612,0.8621733784675598,0,0,0.031617000699043274,0,1
B23,mixamorig_RightHandThumb1,22,0.9609758853912354,-0.2118726223707199,0.17786291241645813,0,0.1918473243713379,0.9736493229866028,0.12329193949699402,0,-0.1992986500263214,-0.08435854315757751,0.9763012528419495,0,0.005793999880552292,0.0036780000664293766,0,1
B24,mixamorig_RightHandThumb2,23,0.9779506921768188,0.20102053880691528,-0.05660005286335945,0,-0.19321273267269135,0.9737794399261475,0.12009647488594055,0,0.07925788313150406,-0.10651310533285141,0.9911473989486694,0,0.0009710000013001263,0.005402999930083752,0,1
B25,mixamorig_RightHandThumb3,24,0.9907371997833252,-0.1352558434009552,-0.01203969493508339,0,0.13541436195373535,0.9906967878341675,0.01349189318716526,0,0.010102537460625172,-0.01499728299677372,0.9998363256454468,0,-0.0003480000013951212,0.005745999980717897,0,1
B26,mixamorig_RightHandThumb4,25,1,0,0,0,0,1,0,0,0,0,1,0,-0.0006230000290088356,0.004207999911159277,0,1
B27,mixamorig_RightHandIndex1,22,0.9981781244277954,-0.05816412344574928,-0.016069017350673676,0,0.05924016237258911,0.8938899040222168,0.4443546533584595,0,-0.01148137915879488,-0.4444967806339264,0.895706832408905,0,0,0.006988000124692917,0.00006299999949987978,1
B28,mixamorig_RightHandIndex2,27,0.9988712668418884,0.047435980290174484,0.002561559434980154,0,-0.046736981719732285,0.971625030040741,0.23186273872852325,0,0.008509480394423008,-0.23172074556350708,0.9727447628974915,0,-0.00020599999697878957,0.009789999574422836,0,1
B29,mixamorig_RightHandIndex3,28,0.991003692150116,-0.13252146542072296,-0.018722865730524063,0,0.1285531222820282,0.9035934805870056,0.40864643454551697,0,-0.03723685443401337,-0.4073770344257355,0.9125006794929504,0,0.0003699999942909926,0.007323999889194965,0,1
B30,mixamorig_RightHandIndex4,29,1,0,0,0,0,1,0,0,0,0,1,0,-0.00016500000492669642,0.006093000061810017,0,1
B31,mixamorig_LeftUpLeg,0,-0.9609388113021851,-0.24151213467121124,0.13515909016132355,0,0.2667246460914612,-0.9384657740592957,0.21940737962722778,0,0.07385242730379105,0.2468874156475067,0.9662258625030518,0,0.010765999555587769,-0.006996000185608864,0.001028000027872622,1
B32,mixamorig_LeftLeg,31,0.9886848330497742,-0.06430339813232422,0.13552460074424744,0,0.13597489893436432,0.7656974196434021,-0.6286635994911194,0,-0.06334568560123444,0.6399786472320557,0.765776515007019,0,0,0.04007500037550926,0,1
B33,mixamorig_LeftFoot,32,0.9759432077407837,-0.04208594933152199,0.21392406523227692,0,-0.19924728572368622,0.2261897772550583,0.9534875154495239,0,-0.08851661533117294,-0.9731734395027161,0.21236321330070496,0,0,0.03398299962282181,0,1
B34,mixamorig_LeftToeBase,33,0.9953165650367737,-0.00013861015031579882,-0.09667015075683594,0,0.05554322153329849,0.8192772269248962,0.5707010626792908,0,0.07912036776542664,-0.5733977556228638,0.8154477477073669,0,0,0.022285999730229378,0,1
B35,mixamorig_LeftToe_End,34,1,0,0,0,0,1,0,0,0,0,1,0,0,0.00862099975347519,0,1
B36,mixamorig_RightUpLeg,0,-0.983688235282898,-0.13783566653728485,-0.11557803303003311,0,0.13694226741790771,-0.9904546737670898,0.015671730041503906,0,-0.11663473397493362,-0.00041121349204331636,0.9931747913360596,0,-0.010765999555587769,-0.006996000185608864,0.0007980000227689743,1
B37,mixamorig_RightLeg,36,0.9857246279716492,0.0941087082028389,-0.1396097093820572,0,-0.12816281616687775,0.9571458101272583,-0.25970539450645447,0,0.10918585956096649,0.27389103174209595,0.9555428624153137,0,0,0.04005400091409683,0,1
B38,mixamorig_RightFoot,37,0.9848455786705017,-0.08193633705377579,-0.1528550684452057,0,0.17317937314510345,0.41718417406082153,0.8921687602996826,0,-0.009331720881164074,-0.9051205515861511,0.42505231499671936,0,0,0.033893000334501266,0,1
B39,mixamorig_RightToeBase,38,0.9944158792495728,-0.00010687003668863326,0.10553056001663208,0,-0.06491926312446594,0.7877737283706665,0.6125337481498718,0,-0.08319982141256332,-0.6159647107124329,0.7833684682846069,0,0,0.021751999855041504,0,1
B40,mixamorig_RightToe_End,39,1,0,0,0,0,1,0,0,0,0,1,0,0,0.008706999942660332,0,1
@34,0,1,2,3,4,5,7,8,9,10,11,12,13,15,16,17,19,20,21,22,23,24,25,27,28,29,31,32,33,34,36,37,38,39
K0.000,0.9860100150108337,-0.15733900666236877,0.05504100024700165,0,0.16053299605846405,0.9852409958839417,-0.059411000460386276,0,-0.044881001114845276,0.0674159973859787,0.9967150092124939,0,0.0005510000046342611,0.09171299636363983,-0.0005380000220611691,1,0.9864330291748047,0.16389499604701996,0.009440000168979168,0,-0.16297000646591187,0.9845520257949829,-0.064021997153759,0,-0.019787000492215157,0.061615001410245895,0.9979040026664734,0,0,0.012593000195920467,0.000035000000934815034,1,0.9989590048789978,0.04552200064063072,0.002968000015243888,0,-0.0455860011279583,0.998583972454071,0.027437999844551086,0,-0.001715000020340085,-0.02754499949514866,0.9996190071105957,0,0,0.014692000113427639,0,1,0.998989999294281,0.04443100094795227,0.006688000168651342,0,-0.04460100084543228,0.9986140131950378,0.027959000319242477,0,-0.005435999948531389,-0.02822900004684925,0.9995869994163513,0,0,0.016790999099612236,0,1,0.9941970109939575,-0.10754299908876419,-0.0027209999971091747,0,0.10736700147390366,0.9903619885444641,0.08749400079250336,0,-0.00671500014141202,-0.08727800101041794,0.9961609840393066,0,0,0.01888900063931942,0,1,0.9997249841690063,0.011323000304400921,0.02051899954676628,0,-0.007540999911725521,0.9843980073928833,-0.1757960021495819,0,-0.022190000861883163,0.17559300363063812,0.9842129945755005,0,0,0.0034030000679194927,0.0013020000187680125,1,0.1181429997086525,0.008030000142753124,-0.9929640293121338,0,0.8840169906616211,-0.45630499720573425,0.10148999840021133,0,-0.4522800147533417,-0.8897870182991028,-0.06100799888372421,0,0.007675999775528908,0.016594000160694122,0.00006399999983841553,1,0.985958993434906,-0.15965400636196136,-0.04895399883389473,0,0.11781299859285355,0.45728400349617004,0.8814820051193237,0,-0.11834599822759628,-0.8748729825019836,0.46967199444770813,0,0,0.015620999969542027,0,1,0.9292010068893433,0.3695729970932007,0.0009190000128000975,0,-0.3695720136165619,0.9292010068893433,-0.000990999978967011,0,-0.0012199999764561653,0.0005810000002384186,0.9999989867210388,0,0,0.03119499981403351,0,1,0.8890690207481384,0.12131299823522568,-0.4414060115814209,0,-0.11138000339269638,0.9925959706306458,0.0484590008854866,0,0.4440160095691681,0.0060800001956522465,0.8959980010986328,0,0,0.03161799907684326,0,1,0.9571809768676758,0.2513450086116791,-0.14363199472427368,0,-0.22914400696754456,0.9610249996185303,0.15467700362205505,0,0.17691099643707275,-0.11514200270175934,0.9774690270423889,0,-0.004736000206321478,0.0035490000154823065,0,1,0.9880139827728271,-0.1542389988899231,0.0062060002237558365,0,0.15365499258041382,0.9865339994430542,0.05604099854826927,0,-0.014766000211238861,-0.054416000843048096,0.9984089732170105,0,-0.0005729999975301325,0.004699999932199717,0,1,0.8935710191726685,0.40997299551963806,0.18289999663829803,0,-0.40124601125717163,0.9120960235595703,-0.08415599912405014,0,-0.201324000954628,0.0018119999440386891,0.9795230031013489,0,-0.0008769999840296805,0.006339999847114086,0,1,0.9982579946517944,0.05784099921584129,0.01166400033980608,0,-0.059004999697208405,0.9788230061531067,0.19602200388908386,0,-0.00007899999764049426,-0.1963679939508438,0.9805300235748291,0,0,0.00672700023278594,0.00005199999941396527,1,0.999538004398346,-0.030240999534726143,-0.003065000055357814,0,0.03016199916601181,0.974291980266571,0.22325900197029114,0,-0.003765000030398369,-0.22324900329113007,0.9747539758682251,0,0.0001720000000204891,0.009673000313341618,0,1,0.9989140033721924,0.046585001051425934,-0.000838999985717237,0,-0.044638000428676605,0.9620260000228882,0.2692840099334717,0,0.013350999914109707,-0.26895400881767273,0.9630600214004517,0,-0.00021600000036414713,0.007579000201076269,0,1,0.06214100122451782,-0.011536000296473503,0.998000979423523,0,-0.8790429830551147,-0.47419100999832153,0.04925300180912018,0,0.47267499566078186,-0.8803460001945496,-0.03960699960589409,0,-0.007675999775528908,0.016592999920248985,-0.000050999999075429514,1,0.987492024898529,0.0161920003592968,0.1568329930305481,0,-0.12613999843597412,0.6779069900512695,0.724245011806488,0,-0.09459099918603897,-0.7349690198898315,0.6714699864387512,0,0,0.015620999969542027,0,1,0.8838449716567993,-0.4677779972553253,-0.0010379999876022339,0,0.4677799940109253,0.8838430047035217,0.0018680000212043524,0,0.00004400000034365803,-0.002136999974027276,0.9999979734420776,0,0,0.031202999874949455,0,1,0.8586300015449524,-0.02254300005733967,0.512099027633667,0,0.027622999623417854,0.9996160268783569,-0.0023109999019652605,0,-0.5118499994277954,0.016130000352859497,0.8589230179786682,0,0,0.031617000699043274,0,1,0.9582589864730835,-0.22437100112438202,0.17719100415706635,0,0.20553700625896454,0.9714429974555969,0.1185469999909401,0,-0.1987289935350418,-0.07717899978160858,0.9770110249519348,0,0.005793999880552292,0.0036780000664293766,0,1,0.9849629998207092,0.16265200078487396,-0.05823700129985809,0,-0.15643000602722168,0.9827179908752441,0.09897500276565552,0,0.07332900166511536,-0.08837699890136719,0.9933840036392212,0,0.0009710000013001263,0.005402999930083752,0,1,0.9770159721374512,-0.21316400170326233,-0.00016399999731220305,0,0.21310099959373474,0.9767450094223022,-0.023622000589966774,0,0.00519500020891428,0.023043999448418617,0.9997209906578064,0,-0.0003480000013951212,0.005745999980717897,0,1,0.9989200234413147,-0.045375000685453415,-0.009952000342309475,0,0.045660000294446945,0.9196630120277405,0.3900440037250519,0,-0.008546000346541405,-0.39007699489593506,0.9207419753074646,0,0,0.006988000124692917,0.00006299999949987978,1,0.9985389709472656,0.05402199923992157,0.0009200000204145908,0,-0.053314998745918274,0.9824110269546509,0.178957998752594,0,0.00876300036907196,-0.17874599993228912,0.9838560223579407,0,-0.00020599999697878957,0.009789999574422836,0,1,0.9930850267410278,-0.11713899672031403,-0.007774000056087971,0,0.11504899710416794,0.9579110145568848,0.26300299167633057,0,-0.023361999541521072,-0.26207900047302246,0.9647639989852905,0,0.0003699999942909926,0.007323999889194965,0,1,-0.964368999004364,-0.2198999971151352,0.14709199965000153,0,0.2456820011138916,-0.9506319761276245,0.18957500159740448,0,0.09814299643039703,0.21895800530910492,0.9707859754562378,0,0.010765999555587769,-0.006996000185608864,0.001028000027872622,1,0.9890850186347961,-0.008561999537050724,0.1470949947834015,0,0.1001489982008934,0.7713199853897095,-0.6285179853439331,0,-0.10807599872350693,0.6363890171051025,0.7637590169906616,0,0,0.04007500037550926,0,1,0.9840430021286011,-0.05588100105524063,0.16892500221729279,0,-0.1530420035123825,0.21842999756336212,0.9637770056724548,0,-0.09075500071048737,-0.9742509722709656,0.20639300346374512,0,0,0.03398299962282181,0,1,0.9955170154571533,-0.000045000000682193786,-0.09458000212907791,0,0.05526600033044815,0.8117920160293579,0.5813249945640564,0,0.07675299793481827,-0.5839470028877258,0.8081550002098083,0,0,0.022285999730229378,0,1,-0.9821100234985352,-0.13516899943351746,-0.13110600411891937,0,0.13754400610923767,-0.9904530048370361,-0.009188000112771988,0,-0.1286119967699051,-0.027055999264121056,0.9913259744644165,0,-0.010765999555587769,-0.006996000185608864,0.0007980000227689743,1,0.9910629987716675,0.06962600350379944,-0.11378499865531921,0,-0.09796600043773651,0.958827018737793,-0.26655998826026917,0,0.09054099768400192,0.2753250002861023,0.9570779800415039,0,0,0.04005400091409683,0,1,0.9876660108566284,-0.05498500168323517,-0.14660300314426422,0,0.15620000660419464,0.4108020067214966,0.8982449769973755,0,0.010834000073373318,-0.9100649952888489,0.41432398557662964,0,0,0.033893000334501266,0,1,0.9943259954452515,-0.00006900000153109431,0.10637599974870682,0,-0.06503999978303909,0.7909110188484192,0.6084650158882141,0,-0.0841749981045723,-0.6119319796562195,0.7864189743995667,0,0,0.021751999855041504,0,1
K0.033,0.9860140085220337,-0.1575710028409958,0.05429799482226372,0,0.16073399782180786,0.985181987285614,-0.05984700471162796,0,-0.04406299442052841,0.06773700565099716,0.9967300295829773,0,0.0005439999513328075,0.09170500189065933,-0.0005710002733394504,1,0.9864310026168823,0.1639000028371811,0.009499001316726208,0,-0.1630209982395172,0.9847049713134766,-0.061486970633268356,0,-0.019430996850132942,0.05910397320985794,0.9980630278587341,0,0,0.012593000195920467,0.000035000000934815034,1,0.998960018157959,0.045483000576496124,0.0032970039173960686,0,-0.045552000403404236,0.998645007610321,0.025175975635647774,0,-0.0021480051800608635,-0.025299975648522377,0.9996780157089233,0,0,0.014692000113427639,0,1,0.9989870190620422,0.044461000710725784,0.006898002699017525,0,-0.044624000787734985,0.9986739754676819,0.025685975328087807,0,-0.005747003946453333,-0.025966975837945938,0.999646008014679,0,0,0.016790999099612236,0,1,0.9941949844360352,-0.1075579971075058,-0.0028840024024248123,0,0.10738900303840637,0.9902589917182922,0.08862800896167755,0,-0.00667699845507741,-0.08842401206493378,0.9960610270500183,0,0,0.01888900063931942,0,1,0.9997190237045288,0.011487000621855259,0.020723000168800354,0,-0.007711001206189394,0.9847480058670044,-0.17381398379802704,0,-0.022404000163078308,0.17360498011112213,0.9845600128173828,0,0,0.0034030000679194927,0.0013020000187680125,1,0.11814700067043304,0.007987000048160553,-0.9929640293121338,0,0.883853018283844,-0.45662200450897217,0.10149099677801132,0,-0.4525989890098572,-0.8896250128746033,-0.06100799888372421,0,0.007675999775528908,0.016594000160694122,0.00006399999983841553,1,0.9855070114135742,-0.16185803711414337,-0.05077001452445984,0,0.1204870194196701,0.4572170078754425,0.8811560273170471,0,-0.11940901726484299,-0.8745030164718628,0.4700919985771179,0,0,0.015620999969542027,0,1,0.9294520020484924,0.368941992521286,0.0009190000128000975,0,-0.3689410090446472,0.9294520020484924,-0.0009889999637380242,0,-0.001218999968841672,0.0005799999926239252,0.9999989867210388,0,0,0.03119499981403351,0,1,0.889955997467041,0.121458999812603,-0.4395740032196045,0,-0.11191200464963913,0.9925730228424072,0.047682985663414,0,0.44210100173950195,0.006758015137165785,0.8969399929046631,0,0,0.03161799907684326,0,1,0.957177996635437,0.25135698914527893,-0.14362899959087372,0,-0.2291570007801056,0.9610220193862915,0.1546729952096939,0,0.1769080013036728,-0.11513599753379822,0.9774699807167053,0,-0.004736000206321478,0.0035490000154823065,0,1,0.9880160093307495,-0.154229998588562,0.0062060002237558365,0,0.15364700555801392,0.9865360260009766,0.05603700131177902,0,-0.014764999970793724,-0.05441199988126755,0.9984089732170105,0,-0.0005729999975301325,0.004699999932199717,0,1,0.8935629725456238,0.40999099612236023,0.18290099501609802,0,-0.4012660086154938,0.9120879769325256,-0.08414900302886963,0,-0.20132200419902802,0.0017999997362494469,0.9795230031013489,0,-0.0008769999840296805,0.006339999847114086,0,1,0.9982579946517944,0.05784099921584129,0.011663000099360943,0,-0.059004999697208405,0.9788230061531067,0.19602200388908386,0,-0.00007800000457791612,-0.1963679939508438,0.9805300235748291,0,0,0.00672700023278594,0.00005199999941396527,1,0.999538004398346,-0.030240999534726143,-0.003066000062972307,0,0.03016199916601181,0.974291980266571,0.22325900197029114,0,-0.003765000030398369,-0.22324800491333008,0.9747539758682251,0,0.0001720000000204891,0.009673000313341618,0,1,0.9989140033721924,0.046585001051425934,-0.0008389999275095761,0,-0.044638000428676605,0.9620260000228882,0.2692840099334717,0,0.013350999914109707,-0.26895400881767273,0.9630600214004517,0,-0.00021600000036414713,0.007579000201076269,0,1,0.06256900727748871,-0.01145699992775917,0.9979749917984009,0,-0.878711998462677,-0.47476300597190857,0.04964100569486618,0,0.47323301434516907,-0.8800389766693115,-0.03977300226688385,0,-0.007675999775528908,0.016592999920248985,-0.000050999999075429514,1,0.98711097240448,0.016706004738807678,0.15916003286838531,0,-0.12814703583717346,0.6782429814338684,0.7235779762268066,0,-0.09586101770401001,-0.7346479892730713,0.671642005443573,0,0,0.015620999969542027,0,1,0.8839439749717712,-0.46759098768234253,-0.0010379999876022339,0,0.4675920009613037,0.8839420080184937,0.001867000013589859,0,0.000045000000682193786,-0.0021359999664127827,0.9999979734420776,0,0,0.031202999874949455,0,1,0.8590779900550842,-0.022867999970912933,0.5113340020179749,0,0.027740996330976486,0.9996129870414734,-0.001902992487885058,0,-0.511093020439148,0.015818990767002106,0.8593800067901611,0,0,0.031617000699043274,0,1,0.9582599997520447,-0.22437100112438202,0.17719100415706635,0,0.20553700625896454,0.9714429974555969,0.1185460016131401,0,-0.1987289935350418,-0.07717899978160858,0.9770110249519348,0,0.005793999880552292,0.0036780000664293766,0,1,0.9849629998207092,0.16265299916267395,-0.05823700129985809,0,-0.15643000602722168,0.982716977596283,0.09897500276565552,0,0.07332900166511536,-0.08837699890136719,0.9933840036392212,0,0.0009710000013001263,0.005402999930083752,0,1,0.9770159721374512,-0.21316400170326233,-0.00016300001880154014,0,0.21310000121593475,0.9767450094223022,-0.023622000589966774,0,0.00519500020891428,0.023043999448418617,0.9997209906578064,0,-0.0003480000013951212,0.005745999980717897,0,1,0.9989200234413147,-0.04537399858236313,-0.009951000101864338,0,0.045660000294446945,0.9196640253067017,0.3900440037250519,0,-0.008546000346541405,-0.39007699489593506,0.9207429885864258,0,0,0.006988000124692917,0.00006299999949987978,1,0.9985389709472656,0.05402199923992157,0.0009200000204145908,0,-0.053314000368118286,0.9824110269546509,0.178957998752594,0,0.00876300036907196,-0.17874599993228912,0.9838560223579407,0,-0.00020599999697878957,0.009789999574422836,0,1,0.9930850267410278,-0.11713899672031403,-0.007774000056087971,0,0.11504899710416794,0.9579110145568848,0.26300299167633057,0,-0.023360999301075935,-0.26207900047302246,0.9647639989852905,0,0.0003699999942909926,0.007323999889194965,0,1,-0.9644520282745361,-0.2199469953775406,0.14647500216960907,0,0.24567599594593048,-0.9504669904708862,0.1904119998216629,0,0.09734000265598297,0.21962900459766388,0.9707149863243103,0,0.010765999555587769,-0.006996000185608864,0.001028000027872622,1,0.9898340106010437,-0.01003600936383009,0.14186997711658478,0,0.09798899292945862,0.7711079716682434,-0.6291189789772034,0,-0.10308296978473663,0.6366260051727295,0.7642520070075989,0,0,0.04007500037550926,0,1,0.9840599894523621,-0.055278997868299484,0.16902600228786469,0,-0.1531440019607544,0.2197359949350357,0.9634640216827393,0,-0.09040000289678574,-0.9739919900894165,0.20776799321174622,0,0,0.03398299962282181,0,1,0.9955520033836365,-0.000030999970476841554,-0.09421800076961517,0,0.05521500110626221,0.8104820251464844,0.5831559896469116,0,0.07634399831295013,-0.5857639908790588,0.8068779706954956,0,0,0.022285999730229378,0,1,-0.9820569753646851,-0.13561700284481049,-0.13104499876499176,0,0.13793200254440308,-0.9904029965400696,-0.008712997660040855,0,-0.12860600650310516,-0.026631996035575867,0.9913380146026611,0,-0.010765999555587769,-0.006996000185608864,0.0007980000227689743,1,0.9909909963607788,0.06914599984884262,-0.11470101028680801,0,-0.097850002348423,0.9585649967193604,-0.26754099130630493,0,0.09144900739192963,0.27635401487350464,0.956695020198822,0,0,0.04005400091409683,0,1,0.9876760244369507,-0.05485700070858002,-0.14658500254154205,0,0.1561339944601059,0.41052600741386414,0.8983820080757141,0,0.010893999598920345,-0.9101970195770264,0.4140320122241974,0,0,0.033893000334501266,0,1,0.9943259954452515,-0.00006900000153109431,0.10637599974870682,0,-0.06504099816083908,0.7909110188484192,0.6084650158882141,0,-0.0841749981045723,-0.6119310259819031,0.7864189743995667,0,0,0.021751999855041504,0,1
K0.067,0.9860150218009949,-0.1576720029115677,0.05397200211882591,0,0.1608320027589798,0.9851400256156921,-0.06027499586343765,0,-0.04366700351238251,0.06811199337244034,0.9967219829559326,0,0.0005410000449046493,0.09170100092887878,-0.0005989997298456728,1,0.9864280223846436,0.16391399502754211,0.009584998711943626,0,-0.1630840003490448,0.9848660230636597,-0.05868002772331238,0,-0.019058004021644592,0.05632002651691437,0.9982309937477112,0,0,0.012593000195920467,0.000035000000934815034,1,0.998960018157959,0.045444998890161514,0.0036909959744662046,0,-0.045517001301050186,0.9987050294876099,0.022722024470567703,0,-0.002653994830325246,-0.022867023944854736,0.9997349977493286,0,0,0.014692000113427639,0,1,0.9989839792251587,0.04449800029397011,0.007163997273892164,0,-0.04465299844741821,0.9987329840660095,0.02321702428162098,0,-0.006121996324509382,-0.023513024672865868,0.9997050166130066,0,0,0.016790999099612236,0,1,0.9941970109939575,-0.10752800107002258,-0.0031259977258741856,0,0.10737399756908417,0.9901599884033203,0.08974399417638779,0,-0.006555001251399517,-0.08955898880958557,0.995959997177124,0,0,0.01888900063931942,0,1,0.9997169971466064,0.011577999219298363,0.02077599987387657,0,-0.007842998951673508,0.985135018825531,-0.1716020107269287,0,-0.022453999146819115,0.17139001190662384,0.9849470257759094,0,0,0.0034030000679194927,0.0013020000187680125,1,0.1181190013885498,0.007977000437676907,-0.9929670095443726,0,0.8837929964065552,-0.456743985414505,0.10146299749612808,0,-0.4527220129966736,-0.8895620107650757,-0.061000000685453415,0,0.007675999775528908,0.016594000160694122,0.00006399999983841553,1,0.9850059747695923,-0.16436496376991272,-0.052408985793590546,0,0.12306197732686996,0.4565269947052002,0.8811579942703247,0,-0.12090498208999634,-0.8743950128555298,0.46990901231765747,0,0,0.015620999969542027,0,1,0.9299420118331909,0.36770400404930115,0.0009210000280290842,0,-0.36770299077033997,0.9299430251121521,-0.000986000057309866,0,-0.001218999968841672,0.0005779999773949385,0.9999989867210388,0,0,0.03119499981403351,0,1,0.8904730081558228,0.12181799858808517,-0.43842801451683044,0,-0.11297298967838287,0.9925180077552795,0.04631901532411575,0,0.44078999757766724,0.00828398484736681,0.8975719809532166,0,0,0.03161799907684326,0,1,0.9571729898452759,0.2513810098171234,-0.14361999928951263,0,-0.22918400168418884,0.9610170125961304,0.15466299653053284,0,0.17690099775791168,-0.11512400209903717,0.9774730205535889,0,-0.004736000206321478,0.0035490000154823065,0,1,0.9880179762840271,-0.1542149931192398,0.006184000056236982,0,0.1536329984664917,0.9865379929542542,0.05603500083088875,0,-0.014743000268936157,-0.054412998259067535,0.9984099864959717,0,-0.0005729999975301325,0.004699999932199717,0,1,0.8935660123825073,0.4099760055541992,0.18291999399662018,0,-0.4012550115585327,0.912093997001648,-0.08413200080394745,0,-0.2013320028781891,0.0017800002824515104,0.9795209765434265,0,-0.0008769999840296805,0.006339999847114086,0,1,0.9982579946517944,0.05784099921584129,0.01166400033980608,0,-0.059004999697208405,0.9788230061531067,0.19602200388908386,0,-0.00007899999036453664,-0.1963679939508438,0.9805300235748291,0,0,0.00672700023278594,0.00005199999941396527,1,0.999538004398346,-0.030240999534726143,-0.003065000055357814,0,0.030161000788211823,0.974291980266571,0.22325900197029114,0,-0.003765000030398369,-0.22324800491333008,0.9747539758682251,0,0.0001720000000204891,0.009673000313341618,0,1,0.9989129900932312,0.04659600183367729,-0.0008350000716745853,0,-0.04464799910783768,0.961982011795044,0.2694379985332489,0,0.013357999734580517,-0.26910799741744995,0.9630169868469238,0,-0.00021600000036414713,0.007579000201076269,0,1,0.06340198963880539,-0.011429999954998493,0.9979230165481567,0,-0.8784700036048889,-0.4751349985599518,0.050370991230010986,0,0.4735719859600067,-0.8798390030860901,-0.040164995938539505,0,-0.007675999775528908,0.016592999920248985,-0.000050999999075429514,1,0.9866570234298706,0.01725199446082115,0.16189797222614288,0,-0.13050097227096558,0.678380012512207,0.7230280041694641,0,-0.09735498577356339,-0.7345079779624939,0.6715800166130066,0,0,0.015620999969542027,0,1,0.8839139938354492,-0.4676479995250702,-0.0010389999952167273,0,0.46764901280403137,0.8839120268821716,0.0018680000212043524,0,0.000045000000682193786,-0.002136999974027276,0.9999979734420776,0,0,0.031202999874949455,0,1,0.8598740100860596,-0.022885000333189964,0.5099930167198181,0,0.027284003794193268,0.9996269941329956,-0.0011450075544416904,0,-0.5097770094871521,0.01489900890737772,0.8601779937744141,0,0,0.031617000699043274,0,1,0.9582599997520447,-0.22437000274658203,0.17719100415706635,0,0.20553700625896454,0.9714429974555969,0.1185460016131401,0,-0.1987289935350418,-0.07717899978160858,0.9770110249519348,0,0.005793999880552292,0.0036780000664293766,0,1,0.9849629998207092,0.16265200078487396,-0.05823700129985809,0,-0.1564289927482605,0.9827179908752441,0.0989760011434555,0,0.07332900166511536,-0.08837699890136719,0.9933840036392212,0,0.0009710000013001263,0.005402999930083752,0,1,0.9770169854164124,-0.21316300332546234,-0.00016399998276028782,0,0.21310000121593475,0.9767450094223022,-0.023622000589966774,0,0.00519500020891428,0.023043999448418617,0.9997209906578064,0,-0.0003480000013951212,0.005745999980717897,0,1,0.9989200234413147,-0.04537399858236313,-0.009951000101864338,0,0.045660000294446945,0.9196640253067017,0.3900440037250519,0,-0.008546000346541405,-0.39007699489593506,0.9207429885864258,0,0,0.006988000124692917,0.00006299999949987978,1,0.9985389709472656,0.05402199923992157,0.0009200000204145908,0,-0.053314000368118286,0.9824110269546509,0.17895899713039398,0,0.00876300036907196,-0.17874599993228912,0.9838560223579407,0,-0.00020599999697878957,0.009789999574422836,0,1,0.9930850267410278,-0.11713899672031403,-0.007774000056087971,0,0.11504899710416794,0.9579110145568848,0.26300400495529175,0,-0.023360999301075935,-0.26207900047302246,0.9647639989852905,0,0.0003699999942909926,0.007323999889194965,0,1,-0.9644590020179749,-0.2200160026550293,0.14632700383663177,0,0.24574899673461914,-0.9503710269927979,0.19079400599002838,0,0.09708700329065323,0.21997299790382385,0.9706630110740662,0,0.010765999555587769,-0.006996000185608864,0.001028000027872622,1,0.9902240037918091,-0.010984990745782852,0.13905203342437744,0,0.09696000814437866,0.7708640098571777,-0.6295779943466187,0,-0.10027402639389038,0.6369050145149231,0.7643929719924927,0,0,0.04007500037550926,0,1,0.9840649962425232,-0.05488400533795357,0.16912700235843658,0,-0.15328800678253174,0.2201559990644455,0.9633449912071228,0,-0.09010700136423111,-0.9739189743995667,0.2082349956035614,0,0,0.03398299962282181,0,1,0.9955599904060364,-0.000028000029487884603,-0.09413299709558487,0,0.05520299822092056,0.8101720213890076,0.5835880041122437,0,0.07624699920415878,-0.5861930251121521,0.8065760135650635,0,0,0.022285999730229378,0,1,-0.9820539951324463,-0.1358570009469986,-0.1308159977197647,0,0.1381320059299469,-0.9903780221939087,-0.008429002948105335,0,-0.12841199338436127,-0.02634800411760807,0.9913709759712219,0,-0.010765999555587769,-0.006996000185608864,0.0007980000227689743,1,0.9909290075302124,0.06882400065660477,-0.11542399227619171,0,-0.09780900180339813,0.9583690166473389,-0.2682560086250305,0,0.09215599298477173,0.2771120071411133,0.9564080238342285,0,0,0.04005400091409683,0,1,0.987680971622467,-0.054795000702142715,-0.14657500386238098,0,0.15610100328922272,0.41038399934768677,0.8984529972076416,0,0.010920999571681023,-0.9102650284767151,0.41388198733329773,0,0,0.033893000334501266,0,1,0.9943259954452515,-0.00006900000153109431,0.10637599974870682,0,-0.06504099816083908,0.7909110188484192,0.6084650158882141,0,-0.0841749981045723,-0.6119319796562195,0.7864189743995667,0,0,0.021751999855041504,0,1
