1.100,30,33,41
B0,mixamorig_Hips,-1,0.8063018321990967,0.13246437907218933,-0.5715181231498718,0,-0.020008081570267677,0.9800631999969482,0.19514760375022888,0,0.5863316655158997,-0.14499105513095856,0.7929716110229492,0,-0.010784302838146687,0.07577156275510788,-0.004385414067655802,1
B1,mixamorig_Spine,0,0.994841456413269,-0.0461331270635128,-0.09029325097799301,0,0.05423847585916519,0.9944978356361389,0.08956041932106018,0,0.08567003160715103,-0.09400145709514618,0.9918718934059143,0,0,0.012593000195920467,0.000035000000934815034,1
B2,mixamorig_Spine1,1,0.9775168299674988,-0.09399022161960602,-0.18864446878433228,0,0.1261623650789261,0.9778810143470764,0.16668125987052917,0,0.16882771253585815,-0.186757892370224,0.9677605032920837,0,0,0.014692000113427639,0,1
B3,mixamorig_Spine2,2,0.9775168299674988,-0.09399022161960602,-0.18864446878433228,0,0.1261623650789261,0.9778810143470764,0.16668125987052917,0,0.16882771253585815,-0.186757892370224,0.9677605032920837,0,0,0.016790999099612236,0,1
B4,mixamorig_Neck,3,0.8518064618110657,0.20043134689331055,0.4777010679244995,0,-0.25676146149635315,0.959247350692749,0.05938781797885895,0,-0.45265981554985046,-0.17711639404296875,0.8705945611000061,0,0,0.01888900063931942,0,1
B5,mixamorig_Head,4,0.9614381790161133,0.2568424940109253,0.07911990582942963,0,-0.24574582278728485,0.9560984969139099,-0.14000830054283142,0,-0.11505751311779022,0.11615930497646332,0.984343409538269,0,0,0.0034030000679194927,0.0013020000187680125,1
B6,mixamorig_HeadTop_End,5,1,0,0,0,0,1,0,0,0,0,1,0,0,0.00001700000029813964,0.000006000000212225132,1
B7,mixamorig_LeftShoulder,3,0.02622654102742672,0.01722518727183342,-0.9994599223136902,0,0.9151580929756165,-0.4026411771774292,0.017069967463612556,0,-0.40212178230285645,-0.9151943922042847,-0.026333792135119438,0,0.007675999775528908,0.016594000160694122,0.00006399999983841553,1
B8,mixamorig_LeftArm,7,0.9621027708053589,0.19071261584758759,0.19464197754859924,0,-0.260171502828598,0.8552055954933167,0.44820597767829895,0,-0.08098878711462021,-0.4819222688674927,0.8724191784858704,0,0,0.015620999969542027,0,1
B9,mixamorig_LeftForeArm,8,0.23156598210334778,0.9399012923240662,-0.244526669383049,0,-0.9341953992843628,0.2848148047924042,0.20841798186302185,0,0.2651539444923401,0.1817215383052826,0.9464372396469116,0,0,0.03119499981403351,0,1
B10,mixamorig_LeftHand,9,0.8748336434364319,-0.1086672842502594,-0.4709717035293579,0,-0.10199339687824249,0.9109938740730286,-0.39908674359321594,0,0.4723682701587677,0.3977557420730591,0.786027729511261,0,0,0.03161799907684326,0,1
B11,mixamorig_LeftHandThumb1,10,0.7064800262451172,0.6473760008811951,-0.28598999977111816,0,-0.26113900542259216,0.6140249967575073,0.7448350191116333,0,0.6577929854393005,-0.45152801275253296,0.6028519868850708,0,-0.004736000206321478,0.0035490000154823065,0,1
B12,mixamorig_LeftHandThumb2,11,0.9812845587730408,-0.18950539827346802,-0.026975229382514954,0,0.19054754078388214,0.9806594848632812,0.0446072481572628,0,0.018000787124037743,-0.04889889433979988,0.9984163641929626,0,-0.0005729999975301325,0.004699999932199717,0,1
B13,mixamorig_LeftHandThumb3,12,0.9170029759407043,0.398404985666275,0.019471608102321625,0,-0.39837899804115295,0.9172049760818481,-0.0053449999541044235,0,-0.019989000633358955,-0.002856000093743205,0.9997959733009338,0,-0.0008769999840296805,0.006339999847114086,0,1
B14,mixamorig_LeftHandThumb4,13,1,0,0,0,0,1,0,0,0,0,1,0,0.001449999981559813,0.005067000165581703,0,1
B15,mixamorig_LeftHandIndex1,10,0.9091392755508423,0.40674930810928345,0.0895301103591919,0,-0.07013826072216034,-0.06236542388796806,0.9955723881721497,0,0.41054394841194153,-0.9113938212394714,-0.0281682051718235,0,0,0.00672700023278594,0.00005199999941396527,1
B16,mixamorig_LeftHandIndex2,15,0.9393879771232605,0.24308405816555023,0.24178457260131836,0,-0.2708127200603485,0.093593530356884,0.9580698609352112,0,0.21026349067687988,-0.965477705001831,0.1537514477968216,0,0.0001720000000204891,0.009673000313341618,0,1
B17,mixamorig_LeftHandIndex3,16,0.9996470212936401,0.0263069998472929,-0.003622000105679035,0,-0.0263069998472929,0.9996539950370789,-9.999960184359225e-7,0,0.003621000098064542,0.00009600000339560211,0.9999930262565613,0,-0.00021600000036414713,0.007579000201076269,0,1
B18,mixamorig_LeftHandIndex4,17,1,0,0,0,0,1,0,0,0,0,1,0,0.00004400000034365803,0.005797000136226416,0,1
B19,mixamorig_RightShoulder,3,0.08001668751239777,0.09675202518701553,0.991818368434906,0,-0.9490065574645996,0.3110540807247162,0.046095915138721466,0,-0.30440759658813477,-0.9452530741691589,0.11655768752098083,0,-0.007675999775528908,0.016592999920248985,-0.000050999999075429514,1
B20,mixamorig_RightArm,19,0.12342140823602676,-0.7740973830223083,-0.6161888837814331,0,0.8207465410232544,0.42693212628364563,-0.37107452750205994,0,0.5542113184928894,-0.4601943790912628,0.6927193403244019,0,0,0.015620999969542027,0,1
B21,mixamorig_RightForeArm,20,0.7279766201972961,-0.6386114954948425,-0.19741983711719513,0,0.6666107773780823,0.7129064798355103,0.1725577712059021,0,0.034206267446279526,-0.24960875511169434,0.9626237750053406,0,0,0.031202999874949455,0,1
B22,mixamorig_RightHand,21,0.7194696664810181,-0.09628839790821075,0.6854878067970276,0,0.34645983576774597,0.9046482443809509,-0.2375795543193817,0,-0.600574791431427,0.4106300175189972,0.6843293309211731,0,0,0.031617000699043274,0,1
B23,mixamorig_RightHandThumb1,22,0.589942991733551,-0.7058190107345581,0.3921569883823395,0,0.38544198870658875,0.6729390025138855,0.6313380002975464,0,-0.7095080018043518,-0.22130000591278076,0.669048011302948,0,0.005793999880552292,0.0036780000664293766,0,1
B24,mixamorig_RightHandThumb2,23,0.9974076151847839,0.06858930736780167,-0.021744268015027046,0,-0.06542392075061798,0.9902817606925964,0.12272555381059647,0,0.02995026856660843,-0.12098477780818939,0.9922027587890625,0,0.0009710000013001263,0.005402999930083752,0,1
B25,mixamorig_RightHandThumb3,24,0.9959589838981628,-0.08919800072908401,-0.010437999852001667,0,0.08918700367212296,0.9960139989852905,-0.0014916082145646214,0,0.010529391467571259,0.0005546082393266261,0.9999439716339111,0,-0.0003480000013951212,0.005745999980717897,0,1
B26,mixamorig_RightHandThumb4,25,1,0,0,0,0,1,0,0,0,0,1,0,-0.0006230000290088356,0.004207999911159277,0,1
B27,mixamorig_RightHandIndex1,22,0.9456837773323059,-0.27112019062042236,-0.17937812209129333,0,0.20274072885513306,0.06053199991583824,0.977360188961029,0,-0.2541239559650421,-0.9606406092643738,0.1122114360332489,0,0,0.006988000124692917,0.00006299999949987978,1
B28,mixamorig_RightHandIndex2,27,0.9287374019622803,-0.2559314966201782,-0.26822635531425476,0,0.29008734226226807,0.05114439129829407,0.9556325674057007,0,-0.23085808753967285,-0.965340793132782,0.1217426136136055,0,-0.00020599999697878957,0.009789999574422836,0,1
B29,mixamorig_RightHandIndex3,28,0.9961599707603455,-0.08740299940109253,0.0050050001591444016,0,0.08740299940109253,0.9961730241775513,0.00016500000492669642,0,-0.004999999888241291,0.0002730000123847276,0.999987006187439,0,0.0003699999942909926,0.007323999889194965,0,1
B30,mixamorig_RightHandIndex4,29,1,0,0,0,0,1,0,0,0,0,1,0,-0.00016500000492669642,0.006093000061810017,0,1
B31,mixamorig_LeftUpLeg,0,-0.9019050598144531,-0.008632384240627289,-0.4303383529186249,0,-0.3894651532173157,-0.4063095152378082,0.8251110911369324,0,-0.18122507631778717,0.9127722978591919,0.36431485414505005,0,0.010765999555587769,-0.006996000185608864,0.001028000027872622,1
B32,mixamorig_LeftLeg,31,0.8533612489700317,-0.42347171902656555,-0.2999965250492096,0,0.06226962059736252,0.6579264998435974,-0.7504417300224304,0,0.51520836353302,0.621512234210968,0.5880725383758545,0,0,0.04007500037550926,0,1
B33,mixamorig_LeftFoot,32,0.980981171131134,-0.02514035813510418,0.19205790758132935,0,-0.12578323483467102,0.6713414788246155,0.7303512692451477,0,-0.14731687307357788,-0.7406156063079834,0.6555114984512329,0,0,0.03398299962282181,0,1
B34,mixamorig_LeftToeBase,33,0.9720637202262878,-0.09241414070129395,-0.2157316952943802,0,0.2105192095041275,0.7497304677963257,0.6273374557495117,0,0.10375548154115677,-0.6552327871322632,0.7482424974441528,0,0,0.022285999730229378,0,1
B35,mixamorig_LeftToe_End,34,1,0,0,0,0,1,0,0,0,0,1,0,0,0.00862099975347519,0,1
B36,mixamorig_RightUpLeg,0,-0.813678503036499,-0.09472071379423141,-0.5712291598320007,0,-0.025620771571993828,-0.9797071814537048,0.19865846633911133,0,-0.5784528255462646,0.17661379277706146,0.7947189807891846,0,-0.010765999555587769,-0.006996000185608864,0.0007980000227689743,1
B37,mixamorig_RightLeg,36,0.9621120691299438,-0.27065637707710266,-0.02038569375872612,0,0.04051218926906586,0.21711041033267975,-0.9749515652656555,0,0.2687053382396698,0.9377208352088928,0.21976147592067719,0,0,0.04005400091409683,0,1
B38,mixamorig_RightFoot,37,0.9467753767967224,0.32162681221961975,0.0067552546970546246,0,0.04509682208299637,-0.1530386060476303,0.987014651298523,0,0.31862711906433105,-0.9341975450515747,-0.1593431532382965,0,0,0.033893000334501266,0,1
B39,mixamorig_RightToeBase,38,0.9865140318870544,-0.11374611407518387,0.11749478429555893,0,-0.08743032068014145,0.24031779170036316,0.966723620891571,0,-0.13819187879562378,-0.9640058875083923,0.22713710367679596,0,0,0.021751999855041504,0,1
B40,mixamorig_RightToe_End,39,1,0,0,0,0,1,0,0,0,0,1,0,0,0.008706999942660332,0,1
@34,0,1,2,3,4,5,7,8,9,10,11,12,13,15,16,17,19,20,21,22,23,24,25,27,28,29,31,32,33,34,36,37,38,39
K0.000,0.7300209999084473,0.0025679999962449074,0.6834200024604797,0,0.051100000739097595,0.9969890117645264,-0.05833100154995918,0,-0.6815109848976135,0.07750499993562698,0.7276920080184937,0,0.0008069999748840928,0.08776199817657471,-0.0009379999828524888,1,0.9965839982032776,-0.013503000140190125,-0.08147899806499481,0,0.021865999326109886,0.9944779872894287,0.10264500230550766,0,0.07964300364255905,-0.10407599806785583,0.9913750290870667,0,0,0.012593000195920467,0.000035000000934815034,1,0.9861549735069275,-0.020937999710440636,-0.1644980013370514,0,0.053568001836538315,0.9790359735488892,0.1965170055627823,0,0.15693500638008118,-0.20260800421237946,0.9666029810905457,0,0,0.014692000113427639,0,1,0.9861549735069275,-0.020937999710440636,-0.1644980013370514,0,0.05356699973344803,0.9790359735488892,0.19651800394058228,0,0.15693500638008118,-0.20260800421237946,0.9666029810905457,0,0,0.016790999099612236,0,1,0.9997469782829285,0.005317999981343746,0.02186799980700016,0,-0.003599999938160181,0.9969559907913208,-0.07788100093603134,0,-0.022214999422430992,0.07778300344944,0.9967229962348938,0,0,0.01888900063931942,0,1,0.9370319843292236,-0.044690001755952835,-0.3463729918003082,0,0.006167999934405088,0.9937419891357422,-0.11152900010347366,0,0.34918999671936035,0.1023700013756752,0.9314429759979248,0,0,0.0034030000679194927,0.0013020000187680125,1,0.020965000614523888,0.023176999762654305,-0.9995120167732239,0,0.9148539900779724,-0.4036659896373749,0.009828999638557434,0,-0.40324100852012634,-0.9146130084991455,-0.029666999354958534,0,0.007675999775528908,0.016594000160694122,0.00006399999983841553,1,0.9676600098609924,0.02211100049316883,0.2512890100479126,0,-0.20045800507068634,0.6721339821815491,0.7127779722213745,0,-0.15313899517059326,-0.7401000261306763,0.6548290252685547,0,0,0.015620999969542027,0,1,0.6654450297355652,0.7374619841575623,-0.1154709979891777,0,-0.7405369877815247,0.6716570258140564,0.02195500023663044,0,0.09374800324440002,0.07090099900960922,0.9930679798126221,0,0,0.03119499981403351,0,1,0.8912100195884705,-0.07777699828147888,-0.4468730092048645,0,-0.08139199763536453,0.9417769908905029,-0.3262380063533783,0,0.4462290108203888,0.32711800932884216,0.8329910039901733,0,0,0.03161799907684326,0,1,0.8798270225524902,0.4336880147457123,-0.19447200000286102,0,-0.2929309904575348,0.8169980049133301,0.49669501185417175,0,0.3742940127849579,-0.3800390064716339,0.8458570241928101,0,-0.004736000206321478,0.0035490000154823065,0,1,0.9995930194854736,-0.019639000296592712,0.020681999623775482,0,0.0198730006814003,0.9997400045394897,-0.011157999746501446,0,-0.02045699954032898,0.01156499981880188,0.9997239708900452,0,-0.0005729999975301325,0.004699999932199717,0,1,0.9170029759407043,0.398404985666275,0.019471000880002975,0,-0.39837899804115295,0.9172049760818481,-0.0053449999541044235,0,-0.019989000633358955,-0.002856000093743205,0.9997959733009338,0,-0.0008769999840296805,0.006339999847114086,0,1,0.9881970286369324,0.15204200148582458,0.01869400031864643,0,-0.15284599363803864,0.9867669939994812,0.05411799997091293,0,-0.010219000279903412,-0.05633600056171417,0.9983599781990051,0,0,0.00672700023278594,0.00005199999941396527,1,0.999983012676239,-0.0057830000296235085,0.0007999999797903001,0,0.005326999817043543,0.9599429965019226,0.2801460027694702,0,-0.0023880000226199627,-0.28013700246810913,0.9599570035934448,0,0.0001720000000204891,0.009673000313341618,0,1,0.9996470212936401,0.0263069998472929,-0.003622000105679035,0,-0.0263069998472929,0.9996539950370789,0,0,0.003621000098064542,0.00009600000339560211,0.9999930262565613,0,-0.00021600000036414713,0.007579000201076269,0,1,0.15811100602149963,-0.02542700059711933,0.987093985080719,0,-0.8899660110473633,-0.4367150068283081,0.13130399584770203,0,0.4277400076389313,-0.8992409706115723,-0.09167800098657608,0,-0.007675999775528908,0.016592999920248985,-0.000050999999075429514,1,0.9128999710083008,0.3963730037212372,-0.0974780023097992,0,-0.21523399651050568,0.6703529953956604,0.7101420164108276,0,0.3468259871006012,-0.6273080110549927,0.6972780227661133,0,0,0.015620999969542027,0,1,0.7400180101394653,-0.666808009147644,-0.08797600120306015,0,0.6722429990768433,0.7374690175056458,0.06503300368785858,0,0.021515000611543655,-0.10726699978113174,0.9939969778060913,0,0,0.031202999874949455,0,1,0.9059489965438843,-0.25444498658180237,0.3383989930152893,0,0.19022299349308014,0.9586719870567322,0.2115740031003952,0,-0.378248006105423,-0.12730400264263153,0.9169089794158936,0,0,0.031617000699043274,0,1,0.9303680062294006,-0.3659819960594177,-0.021724000573158264,0,0.35694101452827454,0.8906679749488831,0.281607985496521,0,-0.08371400088071823,-0.26975300908088684,0.9592840075492859,0,0.005793999880552292,0.0036780000664293766,0,1,0.9935389757156372,0.1131030023097992,0.00939599983394146,0,-0.11342500150203705,0.9866729974746704,0.11666999757289886,0,0.003924999851733446,-0.11698199808597565,0.9931259751319885,0,0.0009710000013001263,0.005402999930083752,0,1,0.9959589838981628,-0.08919800072908401,-0.010437999852001667,0,0.08918800204992294,0.9960139989852905,-0.0014909999445080757,0,0.010529999621212482,0.0005540000274777412,0.9999439716339111,0,-0.0003480000013951212,0.005745999980717897,0,1,0.9995930194854736,-0.01823900081217289,-0.02195199951529503,0,0.020255999639630318,0.9952250123023987,0.09548400342464447,0,0.02010600082576275,-0.09589000046253204,0.9951890110969543,0,0,0.006988000124692917,0.00006299999949987978,1,0.9997050166130066,0.024246999993920326,0.0011480000102892518,0,-0.02355100028216839,0.9573590159416199,0.28794100880622864,0,0.005882000084966421,-0.2878830134868622,0.9576470255851746,0,-0.00020599999697878957,0.009789999574422836,0,1,0.9961599707603455,-0.08740299940109253,0.0050050001591444016,0,0.08740299940109253,0.9961730241775513,0.00016500000492669642,0,-0.004999999888241291,0.0002730000123847276,0.999987006187439,0,0.0003699999942909926,0.007323999889194965,0,1,-0.9591720104217529,-0.19526800513267517,0.20459400117397308,0,0.26365500688552856,-0.879135012626648,0.39699798822402954,0,0.10234399884939194,0.43473199009895325,0.8947250247001648,0,0.010765999555587769,-0.006996000185608864,0.001028000027872622,1,0.9662309885025024,-0.18371599912643433,-0.18068300187587738,0,0.030733000487089157,0.7783550024032593,-0.6270710229873657,0,0.255838006734848,0.6003429889678955,0.7577170133590698,0,0,0.04007500037550926,0,1,0.9785150289535522,-0.11729999631643295,0.16955499351024628,0,-0.09752900153398514,0.46121200919151306,0.8819140195846558,0,-0.18164899945259094,-0.87950199842453,0.439862996339798,0,0,0.03398299962282181,0,1,0.9903630018234253,-0.03619400039315224,-0.13368499279022217,0,0.11251799762248993,0.7730810046195984,0.6242480278015137,0,0.08075500279664993,-0.6332740187644958,0.7697029709815979,0,0,0.022285999730229378,0,1,-0.926351010799408,0.28984299302101135,-0.24055199325084686,0,-0.2855829894542694,-0.9568769931793213,-0.05318500101566315,0,-0.24559399485588074,0.019429000094532967,0.9691780209541321,0,-0.010765999555587769,-0.006996000185608864,0.0007980000227689743,1,0.9869890213012695,-0.01797500066459179,-0.15977999567985535,0,-0.07925999909639359,0.8102149963378906,-0.580748975276947,0,0.1398950070142746,0.5858569741249084,0.7982490062713623,0,0,0.04005400091409683,0,1,0.9402160048484802,0.3237000107765198,-0.10588400065898895,0,0.03938499838113785,0.2054699957370758,0.9778710007667542,0,0.3382929861545563,-0.9235799908638,0.18043699860572815,0,0,0.033893000334501266,0,1,0.995540976524353,-0.001303000026382506,0.09432300180196762,0,-0.05829000100493431,0.7776679992675781,0.6259679794311523,0,-0.07416699826717377,-0.6286739706993103,0.774124026298523,0,0,0.021751999855041504,0,1
K0.033,0.6932069659233093,0.008438973687589169,0.720689058303833,0,0.025761859491467476,0.9990019798278809,-0.036476824432611465,0,-0.7202780842781067,0.04385177791118622,0.6922979354858398,0,0.0015390014741569757,0.08628997951745987,-0.0022280151024460793,1,0.9977930188179016,-0.011470014229416847,-0.06540283560752869,0,0.018014995381236076,0.9947869777679443,0.10037499666213989,0,0.0639108344912529,-0.10133099555969238,0.9927979707717896,0,0,0.012593000195920467,0.000035000000934815034,1,0.9909400343894958,-0.020451059564948082,-0.1327376663684845,0,0.04604799672961235,0.9801669716835022,0.1927500069141388,0,0.12616267800331116,-0.19711598753929138,0.9722280502319336,0,0,0.014692000113427639,0,1,0.9909400343894958,-0.020451059564948082,-0.1327376663684845,0,0.04604799672961235,0.9801669716835022,0.1927500069141388,0,0.12616367638111115,-0.19711598753929138,0.9722280502319336,0,0,0.016790999099612236,0,1,0.9995769262313843,-0.028349827975034714,0.006423909217119217,0,0.028880812227725983,0.993649959564209,-0.1087421253323555,0,-0.003300805576145649,0.1088821217417717,0.9940490126609802,0,0,0.01888900063931942,0,1,0.9320460557937622,-0.06088877469301224,-0.35718590021133423,0,0.006714666727930307,0.9885129332542419,-0.15098927915096283,0,0.3622768819332123,0.1383303850889206,0.9217489957809448,0,0,0.0034030000679194927,0.0013020000187680125,1,-0.00639931857585907,0.01757698319852352,-0.9998250007629395,0,0.9152877926826477,-0.40259236097335815,-0.012935283593833447,0,-0.40274935960769653,-0.9152108430862427,-0.01351184118539095,0,0.007675999775528908,0.016594000160694122,0.00006399999983841553,1,0.9789770841598511,-0.009579026140272617,0.20374470949172974,0,-0.14865480363368988,0.6504537463188171,0.7448572516441345,0,-0.1396608054637909,-0.759486198425293,0.6353548169136047,0,0,0.015620999969542027,0,1,0.5191960334777832,0.848593533039093,-0.1016116589307785,0,-0.8521935343742371,0.5230459570884705,0.013757014647126198,0,0.06482177972793579,0.07945074886083603,0.9947289824485779,0,0,0.03119499981403351,0,1,0.9039382934570312,-0.1149270310997963,-0.41193127632141113,0,0.0027530367951840162,0.9647588729858398,-0.26312148571014404,0,0.42765432596206665,0.2367125153541565,0.872399091720581,0,0,0.03161799907684326,0,1,0.8628595471382141,0.4581215977668762,-0.2135353535413742,0,-0.29096394777297974,0.7956604361534119,0.531284749507904,0,0.41329485177993774,-0.3962933123111725,0.8198413252830505,0,-0.004736000206321478,0.0035490000154823065,0,1,0.9971380233764648,-0.04221343249082565,0.06271573901176453,0,0.042111415416002274,0.9991089701652527,0.0029483356047421694,0,-0.06278476119041443,-0.00029932998586446047,0.9980270266532898,0,-0.0005729999975301325,0.004699999932199717,0,1,0.9170029759407043,0.398404985666275,0.019471999257802963,0,-0.39837899804115295,0.9172049760818481,-0.0053449999541044235,0,-0.019989000633358955,-0.002856000093743205,0.9997959733009338,0,-0.0008769999840296805,0.006339999847114086,0,1,0.9866479635238647,0.1619623601436615,0.01712089218199253,0,-0.16202904284000397,0.965506374835968,0.2038196474313736,0,0.016480909660458565,-0.20387254655361176,0.9788574576377869,0,0,0.00672700023278594,0.00005199999941396527,1,0.9991248846054077,0.03975893184542656,0.012969505973160267,0,-0.041549988090991974,0.9084811210632324,0.41585469245910645,0,0.004751403816044331,-0.416029691696167,0.9093382358551025,0,0.0001720000000204891,0.009673000313341618,0,1,0.9996470212936401,0.026305999606847763,-0.003622000105679035,0,-0.0263069998472929,0.9996539950370789,0,0,0.003621000098064542,0.00009600000339560211,0.9999930262565613,0,-0.00021600000036414713,0.007579000201076269,0,1,0.12714964151382446,-0.024206869304180145,0.9915880560874939,0,-0.8880107402801514,-0.4481554627418518,0.10292770713567734,0,0.4418945014476776,-0.8936277627944946,-0.07847876101732254,0,-0.007675999775528908,0.016592999920248985,-0.000050999999075429514,1,0.8922463059425354,0.43306922912597656,-0.12785686552524567,0,-0.21647611260414124,0.6587346792221069,0.7205608487129211,0,0.39627665281295776,-0.6152392625808716,0.6815021634101868,0,0,0.015620999969542027,0,1,0.7136613130569458,-0.6920565962791443,-0.10837027430534363,0,0.6994526386260986,0.7124422788619995,0.05649508163332939,0,0.03811000660061836,-0.11611829698085785,0.9925039410591125,0,0,0.031202999874949455,0,1,0.8856009840965271,-0.2897881269454956,0.36295196413993835,0,0.22029609978199005,0.9500619173049927,0.22102603316307068,0,-0.40887799859046936,-0.11578398942947388,0.9052150249481201,0,0,0.031617000699043274,0,1,0.8514654636383057,-0.49307548999786377,0.1785544902086258,0,0.37900641560554504,0.8139321804046631,0.4403049945831299,0,-0.3624351918697357,-0.30723127722740173,0.8799139857292175,0,0.005793999880552292,0.0036780000664293766,0,1,0.9964939951896667,0.08030610531568527,-0.02344885841012001,0,-0.07723911851644516,0.9908239245414734,0.11091826111078262,0,0.03214189410209656,-0.10871826857328415,0.9935529828071594,0,0.0009710000013001263,0.005402999930083752,0,1,0.9959589838981628,-0.08919800072908401,-0.010437999852001667,0,0.08918700367212296,0.9960139989852905,-0.0014909999445080757,0,0.01052900031208992,0.0005549999768845737,0.9999439716339111,0,-0.0003480000013951212,0.005745999980717897,0,1,0.9847787618637085,-0.16677577793598175,-0.04895561933517456,0,0.15793047845363617,0.7409496903419495,0.6527253985404968,0,-0.07258499413728714,-0.6505212783813477,0.7560098767280579,0,0,0.006988000124692917,0.00006299999949987978,1,0.9875527024269104,-0.13947081565856934,-0.0727119967341423,0,0.14941194653511047,0.6874037384986877,0.7107388973236084,0,-0.04914487898349762,-0.7127569317817688,0.6996870040893555,0,-0.00020599999697878957,0.009789999574422836,0,1,0.9961599707603455,-0.08740299940109253,0.0050050001591444016,0,0.08740299940109253,0.9961730241775513,0.0001649999903747812,0,-0.004999999888241291,0.0002730000123847276,0.999987006187439,0,0.0003699999942909926,0.007323999889194965,0,1,-0.9620140194892883,-0.21573835611343384,0.1672884076833725,0,0.270114004611969,-0.8410505056381226,0.46869173645973206,0,0.03958308324217796,0.4960755705833435,0.8673766255378723,0,0.010765999555587769,-0.006996000185608864,0.001028000027872622,1,0.9845730662345886,-0.14876563847064972,-0.09211338311433792,0,0.04462307319045067,0.7225103378295898,-0.6899186372756958,0,0.16918936371803284,0.6751646995544434,0.7180023789405823,0,0,0.04007500037550926,0,1,0.9751709699630737,-0.1514454483985901,0.16157089173793793,0,-0.08138079196214676,0.43347373604774475,0.8974841237068176,0,-0.2059563547372818,-0.8883500695228577,0.41038569808006287,0,0,0.03398299962282181,0,1,0.9904559850692749,-0.036330003291368484,-0.13295499980449677,0,0.11213599890470505,0.7732909917831421,0.6240569949150085,0,0.08014099299907684,-0.6330100297927856,0.7699840068817139,0,0,0.022285999730229378,0,1,-0.9475101828575134,0.2705075740814209,-0.17043966054916382,0,-0.2947816550731659,-0.9455358386039734,0.13807635009288788,0,-0.12380640208721161,0.1810721755027771,0.9756457805633545,0,-0.010765999555587769,-0.006996000185608864,0.0007980000227689743,1,0.9862509965896606,-0.06932353973388672,-0.15000729262828827,0,-0.07130539417266846,0.6403713822364807,-0.7647481560707092,0,0.1490759700536728,0.764930009841919,0.6266234517097473,0,0,0.04005400091409683,0,1,0.9374709129333496,0.3326942026615143,-0.10229097306728363,0,0.051816072314977646,0.15721066296100616,0.9862050414085388,0,0.3441861867904663,-0.9298380017280579,0.13014064729213715,0,0,0.033893000334501266,0,1,0.9981330037117004,0.013808019459247589,0.059488583356142044,0,-0.05122872442007065,0.7195844054222107,0.6925135850906372,0,-0.03324466571211815,-0.694268524646759,0.7189484238624573,0,0,0.021751999855041504,0,1
K0.067,0.6875910758972168,0.005799026228487492,0.7260749340057373,0,0.011718139983713627,0.9997490048408508,-0.019082173705101013,0,-0.7260039448738098,0.021629221737384796,0.6873500347137451,0,0.0016849986277520657,0.08441202342510223,-0.0037389849312603474,1,0.998714029788971,-0.012827986851334572,-0.0490521639585495,0,0.017699003219604492,0.9948109984397888,0.10018999874591827,0,0.04751216247677803,-0.10093000531196594,0.9937580227851868,0,0,0.012593000195920467,0.000035000000934815034,1,0.9945809245109558,-0.02638893947005272,-0.10056231915950775,0,0.045500002801418304,0.980184018611908,0.19279199838638306,0,0.09348132461309433,-0.1963220089673996,0.9760729670524597,0,0,0.014692000113427639,0,1,0.9945809245109558,-0.02638794109225273,-0.10056231915950775,0,0.045500002801418304,0.980184018611908,0.19279199838638306,0,0.09348132461309433,-0.19632302224636078,0.9760729670524597,0,0,0.016790999099612236,0,1,0.9937960505485535,-0.11118218302726746,-0.002662909682840109,0,0.1100371927022934,0.9864750504493713,-0.12148887664079666,0,0.016134805977344513,0.12044189125299454,0.992588996887207,0,0,0.01888900063931942,0,1,0.9364619255065918,-0.03843922168016434,-0.3486560881137848,0,-0.02660066820681095,0.9833330512046814,-0.1798587143421173,0,0.34975913166999817,0.17770561575889587,0.9198309779167175,0,0,0.0034030000679194927,0.0013020000187680125,1,-0.038220684975385666,0.015959016978740692,-0.9991419911384583,0,0.8977291584014893,-0.43860363960266113,-0.0413467176258564,0,-0.43888765573501587,-0.8985391855239868,0.0024368413724005222,0,0.007675999775528908,0.016594000160694122,0.00006399999983841553,1,0.9843929409980774,-0.012154974974691868,0.1755622774362564,0,-0.12898918986320496,0.6288052201271057,0.7667887806892395,0,-0.11971519887447357,-0.7774678468704224,0.6174241900444031,0,0,0.015620999969542027,0,1,0.4227009415626526,0.9037874341011047,-0.0670173391699791,0,-0.9052824378013611,0.42453399300575256,0.015284985303878784,0,0.04226622357964516,0.05420824885368347,0.997635006904602,0,0,0.03119499981403351,0,1,0.9331057071685791,-0.11791396886110306,-0.3397217094898224,0,0.0064199636690318584,0.9500251412391663,-0.31210851669311523,0,0.35954567790031433,0.2890484929084778,0.887229859828949,0,0,0.03161799907684326,0,1,0.8180404305458069,0.5181193947792053,-0.2497226446866989,0,-0.2841750681400299,0.7415765523910522,0.6077072024345398,0,0.5000541806221008,-0.4261647164821625,0.7538766264915466,0,-0.004736000206321478,0.0035490000154823065,0,1,0.995693027973175,-0.0852905735373497,0.03634626045823097,0,0.08396758139133453,0.9958000779151917,0.036484669893980026,0,-0.03930523619055748,-0.03327567130327225,0.9986730217933655,0,-0.0005729999975301325,0.004699999932199717,0,1,0.9170029759407043,0.398404985666275,0.019471999257802963,0,-0.39838001132011414,0.9172049760818481,-0.0053449999541044235,0,-0.019989000633358955,-0.002856000093743205,0.9997959733009338,0,-0.0008769999840296805,0.006339999847114086,0,1,0.9802370667457581,0.19772164523601532,0.0063921064138412476,0,-0.16622595489025116,0.8057166337966919,0.5684963464736938,0,0.10725409537553787,-0.5583244562149048,0.8226595520973206,0,0,0.00672700023278594,0.00005199999941396527,1,0.9891191124916077,0.13271208107471466,0.06348449736833572,0,-0.14003901183605194,0.7171338796615601,0.6827203631401062,0,0.04507859796285629,-0.684182345867157,0.7279157638549805,0,0.0001720000000204891,0.009673000313341618,0,1,0.9996470212936401,0.026305999606847763,-0.003622000105679035,0,-0.0263069998472929,0.9996539950370789,0,0,0.003621000098064542,0.00009600000339560211,0.9999930262565613,0,-0.00021600000036414713,0.007579000201076269,0,1,0.09151535481214523,-0.011141129769384861,0.9957409501075745,0,-0.8658642172813416,-0.49476951360702515,0.07404328882694244,0,0.4918375015258789,-0.8689532279968262,-0.05492623522877693,0,-0.007675999775528908,0.016592999920248985,-0.000050999999075429514,1,0.8236106634140015,0.5556038022041321,-0.11388514190912247,0,-0.32780489325523376,0.6301982998847961,0.7038421630859375,0,0.4628273546695709,-0.5423597097396851,0.7011678218841553,0,0,0.015620999969542027,0,1,0.6442097425460815,-0.7526164054870605,-0.13624171912670135,0,0.7638663649559021,0.6421177387237549,0.06475091725587845,0,0.03874999284744263,-0.1457837074995041,0.9885570406913757,0,0,0.031202999874949455,0,1,0.8827270269393921,-0.30027392506599426,0.3614250421524048,0,0.23029190301895142,0.946928083896637,0.22426097095012665,0,-0.4095830023288727,-0.11472800374031067,0.9050300121307373,0,0,0.031617000699043274,0,1,0.6939535737037659,-0.6415165066719055,0.32693153619766235,0,0.42128658294677734,0.7299888134002686,0.5381760597229004,0,-0.5839048027992249,-0.23573671281337738,0.7768409848213196,0,0.005793999880552292,0.0036780000664293766,0,1,0.9958140254020691,0.09092489629983902,-0.009328140877187252,0,-0.0888068899512291,0.9866320490837097,0.1366407424211502,0,0.021628104150295258,-0.13524073362350464,0.990576982498169,0,0.0009710000013001263,0.005402999930083752,0,1,0.9959589838981628,-0.08919800072908401,-0.010437999852001667,0,0.08918700367212296,0.9960139989852905,-0.0014909999445080757,0,0.01052900031208992,0.0005540000274777412,0.9999439716339111,0,-0.0003480000013951212,0.005745999980717897,0,1,0.9635372161865234,-0.2436092346906662,-0.11068139225244522,0,0.20545652508735657,0.4085923135280609,0.8892906904220581,0,-0.1714160144329071,-0.8796047568321228,0.44374510645866394,0,0,0.006988000124692917,0.00006299999949987978,1,0.9596952795982361,-0.22179317474365234,-0.17260600626468658,0,0.24531204998493195,0.36139926314353943,0.8995621800422668,0,-0.13713711500167847,-0.9056470990180969,0.4012419879436493,0,-0.00020599999697878957,0.009789999574422836,0,1,0.9961599707603455,-0.08740299940109253,0.0050050001591444016,0,0.08740299940109253,0.9961730241775513,0.00016400001186411828,0,-0.004999999888241291,0.0002739999908953905,0.999987006187439,0,0.0003699999942909926,0.007323999889194965,0,1,-0.9618170261383057,-0.2518986463546753,0.10703059285879135,0,0.26869601011276245,-0.7946555018424988,0.5443572402000427,0,-0.05207008868455887,0.5523304343223572,0.8319973349571228,0,0.010765999555587769,-0.006996000185608864,0.001028000027872622,1,0.9930579662322998,-0.1137213483452797,-0.030054615810513496,0,0.05220292508602142,0.655065655708313,-0.7537663578987122,0,0.10540663450956345,0.7469642758369446,0.6564546227455139,0,0,0.04007500037550926,0,1,0.9686500430107117,-0.19674454629421234,0.15168710052967072,0,-0.060299210250377655,0.4061262607574463,0.9118248820304871,0,-0.24100065231323242,-0.8923859596252441,0.381531298160553,0,0,0.03398299962282181,0,1,0.9905089735984802,-0.03653999790549278,-0.13249799609184265,0,0.11197900027036667,0.7735300064086914,0.6237890124320984,0,0.07969800382852554,-0.6327059864997864,0.7702800035476685,0,0,0.022285999730229378,0,1,-0.9639137983322144,0.22841840982437134,-0.1367313265800476,0,-0.2583463490009308,-0.926561176776886,0.27338865399360657,0,-0.06424358487129211,0.2988468408584595,0.952136218547821,0,-0.010765999555587769,-0.006996000185608864,0.0007980000227689743,1,0.9892230033874512,-0.12308146059513092,-0.07929970324039459,0,-0.010746601969003677,0.47911161184310913,-0.8776878714561462,0,0.1460210233926773,0.869081974029541,0.4726255238056183,0,0,0.04005400091409683,0,1,0.9303010702133179,0.35310378670692444,-0.0992860272526741,0,0.05883292853832245,0.12353233247995377,0.9905949234962463,0,0.36204883456230164,-0.9273930191993713,0.09414836019277573,0,0,0.033893000334501266,0,1,0.9997169971466064,0.015799978747963905,0.017761414870619774,0,-0.023771272972226143,0.661560595035553,0.7495144009590149,0,0.00009266866254620254,-0.7497254610061646,0.6617496013641357,0,0,0.021751999855041504,0,1
