0.733,30,21,41
B0,mixamorig_Hips,-1,0.9996455907821655,0.025823218747973442,0.003636564128100872,0,-0.025892741978168488,0.9661418199539185,0.2565513849258423,0,0.0031509026885032654,-0.256562739610672,0.9664953947067261,0,-0.00236588716506958,0.08308236300945282,-0.006092850584536791,1
B1,mixamorig_Spine,0,0.996375322341919,-0.07334622740745544,-0.04192725196480751,0,0.07676868885755539,0.9932108521461487,0.08705413341522217,0,0.03525450453162193,-0.08991408348083496,0.9953047633171082,0,0,0.012593000195920467,0.000035000000934815034,1
B2,mixamorig_Spine1,1,0.9991519451141357,-0.02729109115898609,-0.030691199004650116,0,0.02910955622792244,0.9977409839630127,0.06053978577256203,0,0.02896912582218647,-0.06137959659099579,0.9976893067359924,0,0,0.014692000113427639,0,1
B3,mixamorig_Spine2,2,0.999112069606781,-0.026776717975735664,-0.03240638226270676,0,0.02867838926613331,0.9977968335151672,0.05982176959514618,0,0.030733143910765648,-0.06069625914096832,0.9976788759231567,0,0,0.016790999099612236,0,1
B4,mixamorig_Neck,3,0.9983495473861694,0.05229377746582031,0.023640142753720284,0,-0.0508202463388443,0.9969430565834045,-0.05901458114385605,0,-0.026668017730116844,0.05771348252892494,0.997959315776825,0,0,0.01888900063931942,0,1
B5,mixamorig_Head,4,0.9965906143188477,0.05881543084979057,0.057850711047649384,0,-0.04852411150932312,0.9850133061408997,-0.16551366448402405,0,-0.06671818345785141,0.16214242577552795,0.9845094680786133,0,0,0.0034030000679194927,0.0013020000187680125,1
B6,mixamorig_HeadTop_End,5,1,0,0,0,0,1,0,0,0,0,1,0,0,0.00001700000029813964,0.000006000000212225132,1
B7,mixamorig_LeftShoulder,3,0.1172592043876648,0.0045563457533717155,-0.993001401424408,0,0.8306980133056641,-0.5483282208442688,0.09555885940790176,0,-0.5440633893013,-0.8362452983856201,-0.06811726838350296,0,0.007675999775528908,0.016594000160694122,0.00006399999983841553,1
B8,mixamorig_LeftArm,7,0.9634465575218201,0.1170119047164917,-0.2378663718700409,0,0.013224534690380096,0.8751657009124756,0.48244228959083557,0,0.26439088582992554,-0.46907469630241394,0.8421508073806763,0,0,0.015620999969542027,0,1
B9,mixamorig_LeftForeArm,8,0.24513183534145355,0.9694429636001587,-0.0009161479538306594,0,-0.9694409370422363,0.2451288253068924,-0.0025992868468165398,0,-0.002295416546985507,0.001525323954410851,0.9999960064888,0,0,0.03119499981403351,0,1
B10,mixamorig_LeftHand,9,0.9357560873031616,0.35259103775024414,-0.0052228583954274654,0,-0.35234546661376953,0.9354833364486694,0.026370428502559662,0,0.014169691130518913,-0.022838503122329712,0.9996297955513,0,0,0.03161799907684326,0,1
B11,mixamorig_LeftHandThumb1,10,0.877710223197937,0.4565374255180359,-0.14558766782283783,0,-0.4192807972431183,0.8787220120429993,0.227842316031456,0,0.23196591436862946,-0.13893021643161774,0.9626801013946533,0,-0.004736000206321478,0.0035490000154823065,0,1
B12,mixamorig_LeftHandThumb2,11,0.9147168397903442,-0.4003032445907593,-0.05518684163689613,0,0.4039744436740875,0.9091440439224243,0.10127368569374084,0,0.009631683118641376,-0.11493193358182907,0.9933269023895264,0,-0.0005729999975301325,0.004699999932199717,0,1
B13,mixamorig_LeftHandThumb3,12,0.9348887205123901,0.3525295853614807,-0.038555730134248734,0,-0.349936842918396,0.8994902968406677,-0.2612573504447937,0,-0.0574539415538311,0.2577066719532013,0.9644932746887207,0,-0.0008769999840296805,0.006339999847114086,0,1
B14,mixamorig_LeftHandThumb4,13,1,0,0,0,0,1,0,0,0,0,1,0,0.001449999981559813,0.005067000165581703,0,1
B15,mixamorig_LeftHandIndex1,10,0.9713897109031677,0.17464223504066467,0.16070573031902313,0,-0.22467991709709167,0.4582505524158478,0.859343945980072,0,0.0766870379447937,-0.8708892464637756,0.484422504901886,0,0,0.00672700023278594,0.00005199999941396527,1
B16,mixamorig_LeftHandIndex2,15,0.9996321797370911,0.025440610945224762,0.009348588064312935,0,-0.024431461468338966,0.6968011260032654,0.7167128920555115,0,0.011737395077943802,-0.7166778445243835,0.6971679925918579,0,0.0001720000000204891,0.009673000313341618,0,1
B17,mixamorig_LeftHandIndex3,16,0.995907723903656,0.0881585106253624,0.019880222156643867,0,-0.07914531230926514,0.744632363319397,0.6627257466316223,0,0.04362640157341957,-0.6615872979164124,0.7485633492469788,0,-0.00021600000036414713,0.007579000201076269,0,1
B18,mixamorig_LeftHandIndex4,17,1,0,0,0,0,1,0,0,0,0,1,0,0.00004400000034365803,0.005797000136226416,0,1
B19,mixamorig_RightShoulder,3,0.15113091468811035,-0.011463474482297897,0.988385796546936,0,-0.8740274906158447,-0.46855056285858154,0.1282021552324295,0,0.461638867855072,-0.8833602070808411,-0.08085077255964279,0,-0.007675999775528908,0.016592999920248985,-0.000050999999075429514,1
B20,mixamorig_RightArm,19,0.8424862027168274,-0.2716946005821228,0.4651685655117035,0,-0.04054608941078186,0.828910231590271,0.557693362236023,0,-0.5371403694152832,-0.48870933055877686,0.6873114705085754,0,0,0.015620999969542027,0,1
B21,mixamorig_RightForeArm,20,0.2662144899368286,-0.9629331231117249,-0.0035052173770964146,0,0.9629350900650024,0.26620084047317505,0.003845779225230217,0,-0.002777431160211563,-0.004398890770971775,0.9999862313270569,0,0,0.031202999874949455,0,1
B22,mixamorig_RightHand,21,0.9966680407524109,-0.07828151434659958,0.018128911033272743,0,0.08028680086135864,0.9687780737876892,-0.23447076976299286,0,0.0008099070400930941,0.2350904941558838,0.9718685746192932,0,0,0.031617000699043274,0,1
B23,mixamorig_RightHandThumb1,22,0.8747597336769104,-0.4501582980155945,0.17927435040473938,0,0.3886919915676117,0.8728432655334473,0.2949978709220886,0,-0.2892827093601227,-0.1883596032857895,0.9385042786598206,0,0.005793999880552292,0.0036780000664293766,0,1
B24,mixamorig_RightHandThumb2,23,0.9777852892875671,0.20087844133377075,0.05982141196727753,0,-0.20729850232601166,0.9689878225326538,0.13448050618171692,0,-0.0309508815407753,-0.14389586448669434,0.9891089200973511,0,0.0009710000013001263,0.005402999930083752,0,1
B25,mixamorig_RightHandThumb3,24,0.999761700630188,-0.007164588663727045,-0.014307205565273762,0,0.003425618400797248,0.9694237112998962,-0.24495625495910645,0,0.015668993815779686,0.24482674896717072,0.9694223403930664,0,-0.0003480000013951212,0.005745999980717897,0,1
B26,mixamorig_RightHandThumb4,25,1,0,0,0,0,1,0,0,0,0,1,0,-0.0006230000290088356,0.004207999911159277,0,1
B27,mixamorig_RightHandIndex1,22,0.9725323915481567,-0.16500812768936157,-0.16409698128700256,0,0.21045604348182678,0.32275354862213135,0.9225579500198364,0,-0.09936399012804031,-0.9317606687545776,0.34863269329071045,0,0,0.006988000124692917,0.00006299999949987978,1
B28,mixamorig_RightHandIndex2,27,0.9970555901527405,-0.07202092558145523,-0.0262969471514225,0,0.06353024393320084,0.5841001868247986,0.8091551661491394,0,-0.04292420297861099,-0.8084434866905212,0.5869576334953308,0,-0.00020599999697878957,0.009789999574422836,0,1
B29,mixamorig_RightHandIndex3,28,0.9787085056304932,-0.1926133632659912,-0.07092451304197311,0,0.18176114559173584,0.6527594327926636,0.7354366779327393,0,-0.09535836428403854,-0.732669472694397,0.6738708019256592,0,0.0003699999942909926,0.007323999889194965,0,1
B30,mixamorig_RightHandIndex4,29,1,0,0,0,0,1,0,0,0,0,1,0,-0.00016500000492669642,0.006093000061810017,0,1
B31,mixamorig_LeftUpLeg,0,-0.9911161661148071,0.13020598888397217,0.025845495983958244,0,-0.07406681776046753,-0.7027223110198975,0.7071832418441772,0,0.11030294001102448,0.6989965438842773,0.7061125040054321,0,0.010765999555587769,-0.006996000185608864,0.001028000027872622,1
B32,mixamorig_LeftLeg,31,0.9977340698242188,0.02506875991821289,0.06189891695976257,0,0.04362550750374794,0.46041837334632874,-0.8862451314926147,0,-0.05067652463912964,0.8869459629058838,0.45827364921569824,0,0,0.04007500037550926,0,1
B33,mixamorig_LeftFoot,32,0.9733915328979492,0.0010321575682610273,0.22815784811973572,0,-0.2282874584197998,0.046702224761247635,0.9707445502281189,0,-0.01063673198223114,-0.9972897171974182,0.04569794982671738,0,0,0.03398299962282181,0,1
B34,mixamorig_LeftToeBase,33,0.9963093996047974,0.000057611621741671115,-0.085825614631176,0,0.05376678332686424,0.778948187828064,0.6247421503067017,0,0.06689411401748657,-0.6270518898963928,0.7760699391365051,0,0,0.022285999730229378,0,1
B35,mixamorig_LeftToe_End,34,1,0,0,0,0,1,0,0,0,0,1,0,0,0.00862099975347519,0,1
B36,mixamorig_RightUpLeg,0,-0.996120810508728,0.038185857236385345,-0.07831015437841415,0,-0.06682616472244263,-0.900788426399231,0.4217689633369446,0,-0.05488882213830948,0.4254552125930786,0.8998128771781921,0,-0.010765999555587769,-0.006996000185608864,0.0007980000227689743,1
B37,mixamorig_RightLeg,36,0.9894042611122131,-0.11369448155164719,-0.08999224007129669,0,-0.08671792596578598,0.033887170255184174,-0.994270920753479,0,0.11643455922603607,0.9915427565574646,0.023661237210035324,0,0,0.04005400091409683,0,1
B38,mixamorig_RightFoot,37,0.9680606126785278,-0.18409869074821472,-0.1647704839706421,0,0.24766801297664642,0.698680579662323,0.6705375909805298,0,-0.007705952972173691,-0.6898061633110046,0.7228511571884155,0,0,0.033893000334501266,0,1
B39,mixamorig_RightToeBase,38,0.9993646740913391,0.013805569149553776,0.03207577392458916,0,-0.034615978598594666,0.43737709522247314,0.8975706100463867,0,-0.0018359930254518986,-0.8981437087059021,0.4375576376914978,0,0,0.021751999855041504,0,1
B40,mixamorig_RightToe_End,39,1,0,0,0,0,1,0,0,0,0,1,0,0,0.008706999942660332,0,1
@34,0,1,2,3,4,5,7,8,9,10,11,12,13,15,16,17,19,20,21,22,23,24,25,27,28,29,31,32,33,34,36,37,38,39
K0.000,0.9960479736328125,0.04524200037121773,0.07642699778079987,0,-0.06729300320148468,0.946042001247406,0.3169800043106079,0,-0.057962000370025635,-0.3208700120449066,0.9453480243682861,0,0.0000019999999949504854,0.0807809978723526,0.0000019999999949504854,1,0.9982290267944336,-0.0018090000376105309,-0.05945799872279167,0,0.0062339999713003635,0.9972149729728699,0.07432500272989273,0,0.059158001095056534,-0.07456400245428085,0.9954599738121033,0,0,0.012593000195920467,0.000035000000934815034,1,0.9990270137786865,0.013964000158011913,-0.041836999356746674,0,-0.011687999591231346,0.9984639883041382,0.05415400117635727,0,0.04252900183200836,-0.053612999618053436,0.997655987739563,0,0,0.014692000113427639,0,1,0.9989809989929199,0.015448000282049179,-0.0424019992351532,0,-0.013194000348448753,0.998511016368866,0.05293399840593338,0,0.043157000094652176,-0.052319999784231186,0.9976969957351685,0,0,0.016790999099612236,0,1,0.9997130036354065,0.023916000500321388,0.0014260000316426158,0,-0.02354699932038784,0.9917730093002319,-0.12582799792289734,0,-0.004422999918460846,0.12575800716876984,0.9920510053634644,0,0,0.01888900063931942,0,1,0.9977049827575684,-0.06324999779462814,-0.0241519995033741,0,0.05797300115227699,0.982358992099762,-0.17779399454593658,0,0.034970998764038086,0.17598600685596466,0.983771026134491,0,0,0.0034030000679194927,0.0013020000187680125,1,0.1847199946641922,0.005876000039279461,-0.982774019241333,0,0.8709030151367188,-0.46436500549316406,0.1609169989824295,0,-0.45541998744010925,-0.8856250047683716,-0.09089499711990356,0,0.007675999775528908,0.016594000160694122,0.00006399999983841553,1,0.9196730256080627,0.15825699269771576,-0.3593840003013611,0,0.08921899646520615,0.8070499897003174,0.5837039947509766,0,0.3824160099029541,-0.568880021572113,0.7281020283699036,0,0,0.015620999969542027,0,1,0.2796210050582886,0.9601100087165833,-0.0008229999803006649,0,-0.9601079821586609,0.2796179950237274,-0.002575000049546361,0,-0.002242000075057149,0.001509999972768128,0.9999960064888,0,0,0.03119499981403351,0,1,0.9441900253295898,0.3148060142993927,0.0969650000333786,0,-0.30645298957824707,0.9474400281906128,-0.09189300239086151,0,-0.12079700082540512,0.05704899877309799,0.9910370111465454,0,0,0.03161799907684326,0,1,0.8857210278511047,0.43669798970222473,-0.15745499730110168,0,-0.43123799562454224,0.8995829820632935,0.0691630020737648,0,0.17184700071811676,0.006641000043600798,0.9851009845733643,0,-0.004736000206321478,0.0035490000154823065,0,1,0.9014859795570374,-0.4278180003166199,-0.06553000211715698,0,0.43257200717926025,0.895609974861145,0.103753000497818,0,0.014302000403404236,-0.1218779981136322,0.9924420118331909,0,-0.0005729999975301325,0.004699999932199717,0,1,0.845894992351532,0.5328760147094727,-0.022464999929070473,0,-0.5149840116500854,0.8050839900970459,-0.29433101415634155,0,-0.13875499367713928,0.26054200530052185,0.9554389715194702,0,-0.0008769999840296805,0.006339999847114086,0,1,0.9487360119819641,0.14413900673389435,0.2812890112400055,0,-0.2893710136413574,0.038123998790979385,0.9564579725265503,0,0.12713900208473206,-0.9888229966163635,0.07788000255823135,0,0,0.00672700023278594,0.00005199999941396527,1,0.9990149736404419,0.03989600017666817,0.019416000694036484,0,-0.038169000297784805,0.5496410131454468,0.8345289826393127,0,0.022622000426054,-0.834447979927063,0.5506219863891602,0,0.0001720000000204891,0.009673000313341618,0,1,0.9951559901237488,0.0947209969162941,0.026329999789595604,0,-0.08363799750804901,0.6749110221862793,0.7331439852714539,0,0.051674000918865204,-0.731793999671936,0.6795639991760254,0,-0.00021600000036414713,0.007579000201076269,0,1,0.1027579978108406,-0.010971000418066978,0.9946460127830505,0,-0.9102050065994263,-0.4043560028076172,0.08957400172948837,0,0.4012080132961273,-0.9145359992980957,-0.05153600126504898,0,-0.007675999775528908,0.016592999920248985,-0.000050999999075429514,1,0.8923789858818054,-0.2797529995441437,0.35411500930786133,0,0.08860799670219421,0.8780220150947571,0.47034698724746704,0,-0.4425019919872284,-0.3883500099182129,0.8083170056343079,0,0,0.015620999969542027,0,1,0.15746000409126282,-0.9875180125236511,-0.003938999958336353,0,0.9875199794769287,0.1574449986219406,0.003944000229239464,0,-0.003275000024586916,-0.004511000122874975,0.9999840259552002,0,0,0.031202999874949455,0,1,0.9877169728279114,-0.1501230001449585,0.043333999812603,0,0.1547510027885437,0.978206992149353,-0.13842999935150146,0,-0.021608000621199608,0.143435999751091,0.9894239902496338,0,0,0.031617000699043274,0,1,0.8954820036888123,-0.42158499360084534,0.142753005027771,0,0.3880859911441803,0.8965809941291809,0.21338200569152832,0,-0.21794800460338593,-0.13567900657653809,0.9664829969406128,0,0.005793999880552292,0.0036780000664293766,0,1,0.9839069843292236,0.17151999473571777,0.05007899925112724,0,-0.17665499448776245,0.9758549928665161,0.12845399975776672,0,-0.026837000623345375,-0.13523399829864502,0.9904500246047974,0,0.0009710000013001263,0.005402999930083752,0,1,0.9814620018005371,0.19126300513744354,0.012272000312805176,0,-0.1852020025253296,0.9629409909248352,-0.1960739940404892,0,-0.04931899905204773,0.19016599655151367,0.9805120229721069,0,-0.0003480000013951212,0.005745999980717897,0,1,0.9834049940109253,-0.15182900428771973,-0.09930700063705444,0,0.16935500502586365,0.5719619989395142,0.802606999874115,0,-0.06505899876356125,-0.8061069846153259,0.5881829857826233,0,0,0.006988000124692917,0.00006299999949987978,1,0.9981750249862671,-0.05778900161385536,-0.01754000037908554,0,0.05158599838614464,0.6648589968681335,0.7451850175857544,0,-0.03140199929475784,-0.7447299957275391,0.6666269898414612,0,-0.00020599999697878957,0.009789999574422836,0,1,0.979058027267456,-0.1915159970521927,-0.06904199719429016,0,0.18092800676822662,0.6630820035934448,0.7263519763946533,0,-0.09332700073719025,-0.7236329913139343,0.6838459968566895,0,0.0003699999942909926,0.007323999889194965,0,1,-0.9959220290184021,0.03863200172781944,0.08152899891138077,0,0.04423300176858902,-0.5785189867019653,0.8144689798355103,0,0.07863099873065948,0.814752995967865,0.5744510293006897,0,0.010765999555587769,-0.006996000185608864,0.001028000027872622,1,0.9907069802284241,-0.13421300053596497,0.022050000727176666,0,0.002320999978110194,-0.14541000127792358,-0.9893689751625061,0,0.13599200546741486,0.9802259802818298,-0.14374800026416779,0,0,0.04007500037550926,0,1,0.9391180276870728,0.09238400310277939,0.33094099164009094,0,-0.32948601245880127,0.5153030157089233,0.7911390066146851,0,-0.0974460020661354,-0.8520140051841736,0.5143700242042542,0,0,0.03398299962282181,0,1,0.9897950291633606,-0.09867700189352036,0.10279999673366547,0,-0.041558001190423965,0.4901660084724426,0.8706380128860474,0,-0.13630099594593048,-0.8660249710083008,0.48106399178504944,0,0,0.022285999730229378,0,1,-0.9973639845848083,-0.04983299970626831,-0.05274900048971176,0,0.009808000177145004,-0.8128169775009155,0.5824369788169861,0,-0.07190000265836716,0.5803840160369873,0.8111630082130432,0,-0.010765999555587769,-0.006996000185608864,0.0007980000227689743,1,0.9954689741134644,0.06417600065469742,-0.07016699761152267,0,-0.09018000215291977,0.40311700105667114,-0.9106940031051636,0,-0.03015900030732155,0.9128959774971008,0.40707799792289734,0,0,0.04005400091409683,0,1,0.9792960286140442,-0.04011699929833412,-0.1984180063009262,0,0.18440000712871552,-0.227619007229805,0.9561309814453125,0,-0.08352100104093552,-0.972923994064331,-0.21550799906253815,0,0,0.033893000334501266,0,1,0.9941830039024353,0,0.10770100355148315,0,-0.06521999835968018,0.7957900166511536,0.6020500063896179,0,-0.08570700138807297,-0.605571985244751,0.7911620140075684,0,0,0.021751999855041504,0,1
K0.033,0.9963769912719727,0.05442339926958084,0.06535784155130386,0,-0.07189332693815231,0.9495239853858948,0.3053438067436218,0,-0.04544074460864067,-0.30893683433532715,0.9499960541725159,0,-0.00020600286370608956,0.08345602452754974,-0.0009570112451910973,1,0.9958149790763855,-0.008468382060527802,-0.0910041481256485,0,0.014825396239757538,0.9974780082702637,0.06940902024507523,0,0.09018711745738983,-0.07046806812286377,0.9934290051460266,0,0,0.012593000195920467,0.000035000000934815034,1,0.9983230233192444,0.0025499218609184027,-0.05782606452703476,0,0.00047908301348797977,0.9986310005187988,0.052306026220321655,0,0.057881057262420654,-0.052246030420064926,0.9969549775123596,0,0,0.014692000113427639,0,1,0.9982659816741943,0.004299925174564123,-0.05871206521987915,0,-0.0012969202362000942,0.9986929893493652,0.051086027175188065,0,0.05885506048798561,-0.05092103034257889,0.9969670176506042,0,0,0.016790999099612236,0,1,0.9997169971466064,0.021346956491470337,0.01047407928854227,0,-0.020045951008796692,0.9935479760169983,-0.11162988096475601,0,-0.012789071537554264,0.11138888448476791,0.9936950206756592,0,0,0.01888900063931942,0,1,0.9993379712104797,-0.028952768072485924,0.022037431597709656,0,0.03196181729435921,0.9879550337791443,-0.15140773355960846,0,-0.017388466745615005,0.15201173722743988,0.9882259964942932,0,0,0.0034030000679194927,0.0013020000187680125,1,0.15253780782222748,0.0077550108544528484,-0.9882670044898987,0,0.8821390867233276,-0.45193392038345337,0.13260982930660248,0,-0.4456029534339905,-0.8920180797576904,-0.07577791064977646,0,0.007675999775528908,0.016594000160694122,0.00006399999983841553,1,0.892481803894043,0.14141185581684113,-0.42834436893463135,0,0.12458613514900208,0.8353772163391113,0.5353716015815735,0,0.43353626132011414,-0.5311747193336487,0.7279410362243652,0,0,0.015620999969542027,0,1,0.1828712373971939,0.9831361174583435,-0.0010830019600689411,0,-0.9831340909004211,0.18286824226379395,-0.002636000281199813,0,-0.002394001232460141,0.0015460002468898892,0.9999960064888,0,0,0.03119499981403351,0,1,0.953385055065155,0.30173784494400024,0.003276754403486848,0,-0.30174681544303894,0.9532150626182556,0.018161220476031303,0,0.0023562952410429716,-0.018303140997886658,0.9998300075531006,0,0,0.03161799907684326,0,1,0.8872950077056885,0.4329729974269867,-0.15887600183486938,0,-0.43181198835372925,0.9009100198745728,0.04358690604567528,0,0.1620049774646759,0.029930084943771362,0.9863359928131104,0,-0.004736000206321478,0.0035490000154823065,0,1,0.8992879986763,-0.4321640431880951,-0.06720000505447388,0,0.43709903955459595,0.8933619856834412,0.10415499657392502,0,0.015022003091871738,-0.12303900718688965,0.9922879934310913,0,-0.0005729999975301325,0.004699999932199717,0,1,0.8283349275588989,0.559869110584259,-0.020194992423057556,0,-0.5394380688667297,0.78733891248703,-0.29850199818611145,0,-0.15122205018997192,0.2581540048122406,0.9541950225830078,0,-0.0008769999840296805,0.006339999847114086,0,1,0.9447669982910156,0.1328839510679245,0.29959607124328613,0,-0.2981460392475128,-0.031156254932284355,0.9540119767189026,0,0.13610702753067017,-0.9906420111656189,0.01018375065177679,0,0,0.00672700023278594,0.00005199999941396527,1,0.9988909959793091,0.04201500862836838,0.021268008276820183,0,-0.040160007774829865,0.5241738557815552,0.8506640791893005,0,0.02459200657904148,-0.8505740761756897,0.5252798795700073,0,0.0001720000000204891,0.009673000313341618,0,1,0.995032012462616,0.09570799767971039,0.02741900458931923,0,-0.08427900075912476,0.6631469130516052,0.7437290549278259,0,0.052998002618551254,-0.7423450350761414,0.6679189205169678,0,-0.00021600000036414713,0.007579000201076269,0,1,0.1000198945403099,-0.010663018561899662,0.9949280023574829,0,-0.9097430109977722,-0.4059310257434845,0.087105892598629,0,0.4029430150985718,-0.9138420224189758,-0.05030197650194168,0,-0.007675999775528908,0.016592999920248985,-0.000050999999075429514,1,0.8834670186042786,-0.2649219334125519,0.38639605045318604,0,0.0597078762948513,0.881708025932312,0.4680010676383972,0,-0.4646720290184021,-0.39039307832717896,0.7947779297828674,0,0,0.015620999969542027,0,1,0.004532720427960157,-0.9999789595603943,-0.004550005309283733,0,0.9999819397926331,0.004514719825237989,0.003993999678641558,0,-0.003973006270825863,-0.004567999392747879,0.9999819993972778,0,0,0.031202999874949455,0,1,0.9901350140571594,-0.13985580205917358,-0.008535399101674557,0,0.13459572196006775,0.9662889838218689,-0.21947704255580902,0,0.038942351937294006,0.21616299450397491,0.9755799770355225,0,0,0.031617000699043274,0,1,0.8983960151672363,-0.4174109697341919,0.13657496869564056,0,0.38763099908828735,0.8998090028762817,0.2002139538526535,0,-0.20646294951438904,-0.12692996859550476,0.9701859951019287,0,0.005793999880552292,0.0036780000664293766,0,1,0.984794020652771,0.16680797934532166,0.048544991761446,0,-0.17174898087978363,0.9768549799919128,0.12750199437141418,0,-0.026152998208999634,-0.13390100002288818,0.9906499981880188,0,0.0009710000013001263,0.005402999930083752,0,1,0.9748589992523193,0.22212912142276764,0.01755502074956894,0,-0.21502210199832916,0.9584730267524719,-0.18733397126197815,0,-0.05843803286552429,0.1788499504327774,0.982138991355896,0,-0.0003480000013951212,0.005745999980717897,0,1,0.984948992729187,-0.14781498908996582,-0.08958496153354645,0,0.16194596886634827,0.6080881357192993,0.7771759033203125,0,-0.06040298566222191,-0.7799868583679199,0.6228741407394409,0,0,0.006988000124692917,0.00006299999949987978,1,0.9983299970626831,-0.05543499439954758,-0.01627899706363678,0,0.0495699942111969,0.6771030426025391,0.7342169284820557,0,-0.02967899478971958,-0.7337979674339294,0.6787190437316895,0,-0.00020599999697878957,0.009789999574422836,0,1,0.9791139960289001,-0.19133800268173218,-0.06874299794435501,0,0.18079300224781036,0.664717972278595,0.7248889803886414,0,-0.09300500154495239,-0.7221770286560059,0.6854270100593567,0,0.0003699999942909926,0.007323999889194965,0,1,-0.9962040185928345,0.05109638720750809,0.07046957314014435,0,0.03231942653656006,-0.5345810651779175,0.8444989919662476,0,0.08082209527492523,0.8435709476470947,0.5309000611305237,0,0.010765999555587769,-0.006996000185608864,0.001028000027872622,1,0.9900010228157043,-0.14102381467819214,0.003204829292371869,0,0.007441074587404728,0.029528994113206863,-0.9995357394218445,0,0.1408638209104538,0.9895657896995544,0.030282989144325256,0,0,0.04007500037550926,0,1,0.9452409148216248,0.08398865163326263,0.31538230180740356,0,-0.3136321008205414,0.5011218190193176,0.8065430521965027,0,-0.09030436724424362,-0.8612911105155945,0.5000227093696594,0,0,0.03398299962282181,0,1,0.9948050379753113,-0.07058379054069519,0.07336060702800751,0,-0.03436565026640892,0.4454822838306427,0.8946312069892883,0,-0.0958266407251358,-0.8925042152404785,0.4407423138618469,0,0,0.022285999730229378,0,1,-0.995172917842865,-0.027736471965909004,-0.09413458406925201,0,-0.008712434209883213,-0.9304715394973755,0.3662601113319397,0,-0.09774846583604813,0.3653121888637543,0.9257384538650513,0,-0.010765999555587769,-0.006996000185608864,0.0007980000227689743,1,0.9945089817047119,0.10157018154859543,-0.02520144358277321,0,-0.0835258886218071,0.625317394733429,-0.775887668132782,0,-0.06304837018251419,0.773732602596283,0.6303673982620239,0,0,0.04005400091409683,0,1,0.9797729849815369,-0.04165716841816902,-0.19572901725769043,0,0.183350071310997,-0.20499898493289948,0.9614351391792297,0,-0.08017496764659882,-0.9778751730918884,-0.19321496784687042,0,0,0.033893000334501266,0,1,0.9939830303192139,0.00011302524944767356,0.10953358560800552,0,-0.06544888764619827,0.8024632930755615,0.5931008458137512,0,-0.08783052116632462,-0.5967008471488953,0.7976422905921936,0,0,0.021751999855041504,0,1
K0.067,0.9943289756774902,0.09419060498476028,0.04937516152858734,0,-0.10448967665433884,0.9516729712486267,0.28879016637802124,0,-0.019788255915045738,-0.2923111915588379,0.9561179280281067,0,-0.0004929971764795482,0.08541897684335709,-0.002079988829791546,1,0.9933059811592102,-0.0465916208922863,-0.10570085048675537,0,0.054343607276678085,0.9959459900856018,0.07168097794055939,0,0.10193187743425369,-0.07694593071937561,0.9918109774589539,0,0,0.012593000195920467,0.000035000000934815034,1,0.9979339838027954,-0.005257922224700451,-0.06402894109487534,0,0.00877491757273674,0.9984599947929382,0.05477897450327873,0,0.0636429414153099,-0.055226970463991165,0.996442973613739,0,0,0.014692000113427639,0,1,0.9978640079498291,-0.0031729256734251976,-0.0652509331703186,0,0.006674920674413443,0.9985439777374268,0.05352597311139107,0,0.0649869367480278,-0.053846970200538635,0.9964320063591003,0,0,0.016790999099612236,0,1,0.9996860027313232,0.017077043652534485,0.018352922052145004,0,-0.015163048170506954,0.9948949813842773,-0.09977211803197861,0,-0.01996292918920517,0.0994621217250824,0.9948409795761108,0,0,0.01888900063931942,0,1,0.9978510141372681,-0.005728230811655521,0.06527157127857208,0,0.013823180459439754,0.9921549558639526,-0.12424926459789276,0,-0.06404753774404526,0.12488427013158798,0.9901019930839539,0,0,0.0034030000679194927,0.0013020000187680125,1,0.13377319276332855,0.008841988630592823,-0.9909729957580566,0,0.8887109160423279,-0.4435470998287201,0.11601116508245468,0,-0.4385170638561249,-0.8962079286575317,-0.06719308346509933,0,0.007675999775528908,0.016594000160694122,0.00006399999983841553,1,0.8772381544113159,0.12618914246559143,-0.46317362785339355,0,0.13813386857509613,0.857674777507782,0.4952903985977173,0,0.45975273847579956,-0.4984673261642456,0.7349539399147034,0,0,0.015620999969542027,0,1,0.10694374889135361,0.9942638874053955,-0.0012859980342909694,0,-0.9942618608474731,0.10693975538015366,-0.002665999811142683,0,-0.002512998878955841,0.0015639998018741608,0.9999960064888,0,0,0.03119499981403351,0,1,0.9579149484634399,0.2862641513347626,-0.021268755197525024,0,-0.28527915477752686,0.9576019644737244,0.04018678143620491,0,0.03187170624732971,-0.03242785856127739,0.9989659786224365,0,0,0.03161799907684326,0,1,0.8878939747810364,0.43156400322914124,-0.15936200320720673,0,-0.43192899227142334,0.9012600183486938,0.034165091812610626,0,0.15837103128433228,0.038497913628816605,0.9866290092468262,0,-0.004736000206321478,0.0035490000154823065,0,1,0.898472011089325,-0.43376097083091736,-0.06781598925590515,0,0.43876397609710693,0.8925290107727051,0.1043040007352829,0,0.015284997411072254,-0.12346899509429932,0.992231011390686,0,-0.0005729999975301325,0.004699999932199717,0,1,0.821651041507721,0.5696609020233154,-0.019374007359147072,0,-0.5482979416847229,0.7806360721588135,-0.29996299743652344,0,-0.15575295686721802,0.25708699226379395,0.9537540078163147,0,-0.0008769999840296805,0.006339999847114086,0,1,0.9432899951934814,0.12830804288387299,0.3061709403991699,0,-0.3012569844722748,-0.05658174678683281,0.9518629908561707,0,0.13945497572422028,-0.9901189804077148,-0.014718752354383469,0,0,0.00672700023278594,0.00005199999941396527,1,0.9988430142402649,0.04278099164366722,0.02196599170565605,0,-0.040877994149923325,0.514677107334137,0.856408953666687,0,0.025332992896437645,-0.8563159108161926,0.5158311128616333,0,0.0001720000000204891,0.009673000313341618,0,1,0.9949859976768494,0.09606599807739258,0.027823995798826218,0,-0.08450999855995178,0.6587740778923035,0.7475789189338684,0,0.05348699539899826,-0.7461819648742676,0.6635900735855103,0,-0.00021600000036414713,0.007579000201076269,0,1,0.08966310322284698,-0.012542981654405594,0.9958930015563965,0,-0.9090700149536133,-0.40952596068382263,0.07668810337781906,0,0.4068819582462311,-0.9122120141983032,-0.04812202230095863,0,-0.007675999775528908,0.016592999920248985,-0.000050999999075429514,1,0.8824920058250427,-0.25867605209350586,0.39280393719673157,0,0.0472441241145134,0.8797010183334351,0.47317492961883545,0,-0.4679489731788635,-0.3990159034729004,0.7885490655899048,0,0,0.015620999969542027,0,1,-0.12337572872638702,-0.9923470616340637,-0.005060994997620583,0,0.9923490881919861,-0.12339572608470917,0.0039630006067454815,0,-0.004557994194328785,-0.004533000290393829,0.9999790191650391,0,0,0.031202999874949455,0,1,0.9915739893913269,-0.12014219164848328,-0.048434603959321976,0,0.1064542829990387,0.9688100218772888,-0.22377295792102814,0,0.07380864769220352,0.216731995344162,0.9734370112419128,0,0,0.031617000699043274,0,1,0.8994420170783997,-0.4159010350704193,0.1342790275812149,0,0.38743799924850464,0.9009590148925781,0.1953570395708084,0,-0.20222903788089752,-0.12368802726268768,0.9714959859848022,0,0.005793999880552292,0.0036780000664293766,0,1,0.9851139783859253,0.1650720089673996,0.04798200726509094,0,-0.16994202136993408,0.9772160053253174,0.12715299427509308,0,-0.025899002328515053,-0.13341400027275085,0.9907220005989075,0,0.0009710000013001263,0.005402999930083752,0,1,0.9721810221672058,0.23340988159179688,0.019575979560613632,0,-0.2259608954191208,0.9565899968147278,-0.1840590238571167,0,-0.06168696656823158,0.174515038728714,0.9827200174331665,0,-0.0003480000013951212,0.005745999980717897,0,1,0.9855009913444519,-0.14622601866722107,-0.08605504035949707,0,0.15916602313518524,0.6210848689079285,0.7674111127853394,0,-0.05876801535487175,-0.769982099533081,0.6353538632392883,0,0,0.006988000124692917,0.00006299999949987978,1,0.9983850121498108,-0.054563008248806,-0.015825003385543823,0,0.04882100597023964,0.6815629601478577,0.730129063129425,0,-0.029053006321191788,-0.7297220826148987,0.683125913143158,0,-0.00020599999697878957,0.009789999574422836,0,1,0.9791340231895447,-0.19127300381660461,-0.06863299757242203,0,0.1807429939508438,0.66531902551651,0.7243499755859375,0,-0.09288600087165833,-0.7216410040855408,0.6860079765319824,0,0.0003699999942909926,0.007323999889194965,0,1,-0.9955729842185974,0.08982361108064651,0.027676424011588097,0,-0.025146428495645523,-0.538271963596344,0.8423960208892822,0,0.09056490659713745,0.837971031665802,0.5381479263305664,0,0.010765999555587769,-0.006996000185608864,0.001028000027872622,1,0.9922530055046082,-0.12346017360687256,-0.013843830674886703,0,0.014906925149261951,0.22895002365112305,-0.9733242392539978,0,0.12333617359399796,0.965577244758606,0.22901701927185059,0,0,0.04007500037550926,0,1,0.9375410676002502,0.04929134622216225,0.3443657159805298,0,-0.32403290271759033,0.48390117287635803,0.812921941280365,0,-0.12656864523887634,-0.8737338781356812,0.4696492850780487,0,0,0.03398299962282181,0,1,0.9981969594955444,-0.04953821003437042,0.03389539197087288,0,0.0006116523873060942,0.5730657577514648,0.8195087909698486,0,-0.06002135947346687,-0.818010687828064,0.5720626711845398,0,0,0.022285999730229378,0,1,-0.9880740642547607,0.024874476715922356,-0.15195941925048828,0,-0.05212956666946411,-0.9826284646987915,0.17810986936092377,0,-0.14488953351974487,0.18390680849552155,0.9722065329551697,0,-0.010765999555587769,-0.006996000185608864,0.0007980000227689743,1,0.9923629760742188,0.11953682452440262,0.030437447130680084,0,-0.07216711342334747,0.7627446055412292,-0.6426603198051453,0,-0.10003763437271118,0.6355563998222351,0.7655456066131592,0,0,0.04005400091409683,0,1,0.9786890149116516,-0.0583968311548233,-0.19687098264694214,0,0.19021692872047424,-0.10339401662349701,0.9762818813323975,0,-0.07736703008413315,-0.9929248094558716,-0.09008202701807022,0,0,0.033893000334501266,0,1,0.9976999163627625,0.0026359749026596546,0.06772841513156891,0,-0.05439210683107376,0.6273577213287354,0.7768291234970093,0,-0.04044247046113014,-0.7787262201309204,0.6260577440261841,0,0,0.021751999855041504,0,1
