4.633,30,138,41
B0,mixamorig_Hips,-1,0.9470937252044678,-0.07532276213169098,0.31192687153816223,0,-0.19665910303592682,0.6317873001098633,0.7497245669364929,0,-0.25358742475509644,-0.7714369893074036,0.5835455656051636,0,-0.0017099053366109729,0.0625246986746788,-0.006949047092348337,1
B1,mixamorig_Spine,0,0.9993618726730347,-0.03287174180150032,0.013927005231380463,0,0.02796671725809574,0.9633309245109558,0.2668556272983551,0,-0.022187810391187668,-0.26629623770713806,0.9636359214782715,0,0,0.011083999648690224,-0.00003600000127335079,1
B2,mixamorig_Spine1,1,0.9979718923568726,-0.06098243221640587,0.018175402656197548,0,0.04776884242892265,0.9066665768623352,0.4191334545612335,0,-0.042037852108478546,-0.4174163341522217,0.9077408313751221,0,0,0.012931999750435352,0,1
B3,mixamorig_Spine2,2,0.9979020357131958,-0.06244943290948868,0.01700659655034542,0,0.0496218241751194,0.9068903923034668,0.4184342622756958,0,-0.04155408963561058,-0.4167141914367676,0.9080861210823059,0,0,0.014778999611735344,0,1
B4,mixamorig_Neck,3,0.9963154196739197,-0.06358225643634796,-0.057525306940078735,0,0.057543180882930756,0.9932037591934204,-0.10114876180887222,0,0.06356534361839294,0.09746687114238739,0.9932063817977905,0,0,0.016627000644803047,0,1
B5,mixamorig_Head,4,0.9644904732704163,0.08266566693782806,-0.25064677000045776,0,-0.1850052922964096,0.8890475034713745,-0.41864341497421265,0,0.18820829689502716,0.4502110481262207,0.8728495240211487,0,0,0.009270000271499157,-0.00008800000068731606,1
B6,mixamorig_HeadTop_End,5,1,0,0,0,0,1,0,0,0,0,1,0,0,0.06014399975538254,-0.0005729999975301325,1
B7,mixamorig_LeftShoulder,3,0.04456214979290962,0.028246339410543442,-0.9984500408172607,0,0.9586787223815918,-0.28138092160224915,0.03497636690735817,0,-0.2799067199230194,-0.9590250253677368,-0.039356812834739685,0,0.0057299998588860035,0.014665000140666962,-0.000028000000384054147,1
B8,mixamorig_LeftArm,7,0.18408824503421783,0.9763021469116211,0.10954201966524124,0,-0.9295675158500671,0.20916205644607544,-0.30271056294441223,0,-0.3190653324127197,-0.04610704630613327,0.9463722705841064,0,0,0.012098000384867191,0,1
B9,mixamorig_LeftForeArm,8,0.8666478395462036,0.498909592628479,0.0025009443052113056,0,-0.49891558289527893,0.8666348457336426,0.004788902588188648,0,0.00022236707445699722,-0.005397748202085495,0.9999849796295166,0,0,0.027411000803112984,0,1
B10,mixamorig_LeftHand,9,0.590807318687439,-0.007959689944982529,0.8066245913505554,0,0.3937477767467499,0.8755542635917664,-0.2797587811946869,0,-0.7041355967521667,0.4828357398509979,0.5205047726631165,0,0,0.029593000188469887,0,1
B11,mixamorig_LeftHandThumb1,10,0.9520959854125977,0.2591240108013153,-0.16238200664520264,0,-0.19126300513744354,0.9189249873161316,0.34495699405670166,0,0.23860299587249756,-0.2973741590976715,0.9244660139083862,0,-0.0045900000259280205,0.0013510000426322222,0,1
B12,mixamorig_LeftHandThumb2,11,0.9860579967498779,0.004134858958423138,0.16635386645793915,0,-0.021794859319925308,0.994288980960846,0.1044749990105629,0,-0.1649709939956665,-0.10664399713277817,0.9805160164833069,0,-0.0007719999994151294,0.003748999908566475,0,1
B13,mixamorig_LeftHandThumb3,12,0.6826549768447876,-0.7182999849319458,0.13426800072193146,0,0.6786680221557617,0.691332995891571,0.24792799353599548,0,-0.2709101438522339,-0.07812599837779999,0.9594290256500244,0,0.000678999989759177,0.005007000174373388,0,1
B14,mixamorig_LeftHandThumb4,13,1,0,0,0,0,1,0,0,0,0,1,0,0.00009300000237999484,0.0039969999343156815,0,1
B15,mixamorig_LeftHandIndex1,10,0.9893010258674622,0.1259160041809082,0.07368200272321701,0,-0.1340699940919876,0.5855309963226318,0.7994869947433472,0,0.05752599984407425,-0.8008109927177429,0.596147894859314,0,0,0.004315999802201986,0.00010699999984353781,1
B16,mixamorig_LeftHandIndex2,15,0.980430006980896,0.11851199716329575,0.1571969985961914,0,-0.11058100312948227,-0.3290959894657135,0.9377989768981934,0,0.1628739982843399,-0.9368299841880798,-0.3095510005950928,0,0.00016399999731220305,0.007973999716341496,0,1
B17,mixamorig_LeftHandIndex3,16,0.9718480110168457,0.1721549928188324,0.16085213422775269,0,-0.13394500315189362,-0.15794587135314941,0.9783210158348083,0,0.19382813572883606,-0.9723250269889832,-0.13043999671936035,0,-0.00015900000289548188,0.006316999904811382,0,1
B18,mixamorig_LeftHandIndex4,17,1,0,0,0,0,1,0,0,0,0,1,0,-0.000004999999873689376,0.005096999928355217,0,1
B19,mixamorig_RightShoulder,3,0.48375508189201355,-0.10968093574047089,0.8682877421379089,0,-0.8618705868721008,-0.23208759725093842,0.45086023211479187,0,0.1520608514547348,-0.966482400894165,-0.2068236768245697,0,-0.0057299998588860035,0.014665000140666962,0.000014999999621068127,1
B20,mixamorig_RightArm,19,-0.056971628218889236,-0.9211118817329407,-0.3850804269313812,0,0.8540118336677551,0.15480470657348633,-0.4966788589954376,0,0.5171099305152893,-0.35716018080711365,0.7778201699256897,0,0,0.012098000384867191,0,1
B21,mixamorig_RightForeArm,20,0.9910547137260437,-0.1333351731300354,-0.0015335503267124295,0,0.1333361715078354,0.9910557270050049,0.0006759930984117091,0,0.001429026830010116,-0.0008743756334297359,0.9999989867210388,0,0,0.0274059996008873,0,1
B22,mixamorig_RightHand,21,0.9075198173522949,-0.3497670888900757,-0.22225452959537506,0,0.341474711894989,0.9359189867973328,-0.08011047542095184,0,0.23544897139072418,-0.004928042646497488,0.9699648022651672,0,0,0.02959199994802475,0,1
B23,mixamorig_RightHandThumb1,22,0.8944759964942932,-0.13102099299430847,0.4274879992008209,0,-0.015754999592900276,0.9462710022926331,0.3229900002479553,0,-0.44683799147605896,-0.2956419885158539,0.8443530201911926,0,0.004745999816805124,0.0019940000493079424,0,1
B24,mixamorig_RightHandThumb2,23,0.9762600064277649,-0.16419200599193573,-0.1412699967622757,0,0.17234686017036438,0.9838910102844238,0.047481998801231384,0,0.1311980038881302,-0.07070200145244598,0.9888319969177246,0,0.0011919999960809946,0.003942000214010477,0,1
B25,mixamorig_RightHandThumb3,24,0.8469619750976562,0.5073170065879822,-0.15901200473308563,0,-0.47299885749816895,0.8555909991264343,0.21032513678073883,0,0.24275100231170654,-0.102925144135952,0.9646130204200745,0,-0.00005500000042957254,0.004730000160634518,0,1
B26,mixamorig_RightHandThumb4,25,1,0,0,0,0,1,0,0,0,0,1,0,-0.00113800005055964,0.003444999922066927,0,1
B27,mixamorig_RightHandIndex1,22,0.9907090067863464,-0.09987899661064148,-0.09230300039052963,0,0.1192459985613823,0.3116230070590973,0.9426940083503723,0,-0.06539099663496017,-0.9449419975280762,0.3206380009651184,0,0,0.004207000136375427,0.0000870000003487803,1
B28,mixamorig_RightHandIndex2,27,0.9929630160331726,-0.07793200016021729,-0.08916699886322021,0,0.07148914039134979,-0.2058078646659851,0.9759780168533325,0,-0.09441100060939789,-0.9754840135574341,-0.19878800213336945,0,-0.00018200000340584666,0.00800199992954731,0,1
B29,mixamorig_RightHandIndex3,28,0.9861779808998108,-0.1328130066394806,-0.09906499832868576,0,0.0979819968342781,-0.014682999812066555,0.9950799942016602,0,-0.13361400365829468,-0.9910320043563843,-0.0014669999945908785,0,0.00019999999494757503,0.006426000036299229,0,1
B30,mixamorig_RightHandIndex4,29,1,0,0,0,0,1,0,0,0,0,1,0,-0.000018000000636675395,0.005113999824970961,0,1
B31,mixamorig_LeftUpLeg,0,-0.8424410820007324,0.07818184792995453,0.533056378364563,0,0.538561224937439,0.15026187896728516,0.829018771648407,0,-0.01525040902197361,0.9854923486709595,-0.16869832575321198,0,0.009217999875545502,-0.006147999782115221,0.0003760000108741224,1
B32,mixamorig_LeftLeg,31,0.9661287069320679,-0.2040034383535385,0.15799005329608917,0,0.23251748085021973,0.4229154884815216,-0.8758277297019958,0,0.11185503751039505,0.8828994035720825,0.4560231864452362,0,0,0.0336339995265007,0,1
B33,mixamorig_LeftFoot,32,0.9644898772239685,-0.08212784677743912,0.2509894371032715,0,-0.18589524924755096,0.4638996422290802,0.8661607503890991,0,-0.18756987154483795,-0.8820621371269226,0.4321690499782562,0,0,0.02593100070953369,0,1
B34,mixamorig_LeftToeBase,33,0.9904982447624207,-0.000277268496574834,-0.1375284492969513,0,0.09040075540542603,0.7549188137054443,0.6495571732521057,0,0.10364267230033875,-0.6558179259300232,0.7477710247039795,0,0,0.019648000597953796,0,1
B35,mixamorig_LeftToe_End,34,1,0,0,0,0,1,0,0,0,0,1,0,0,0.007304999977350235,0,1
B36,mixamorig_RightUpLeg,0,-0.8605968952178955,-0.21333007514476776,-0.4624212384223938,0,-0.47099199891090393,-0.011985654011368752,0.8820490837097168,0,-0.1937008947134018,0.9768926501274109,-0.0901699811220169,0,-0.009217999875545502,-0.006147999782115221,0.000391999987186864,1
B37,mixamorig_RightLeg,36,0.9547244310379028,0.2779800295829773,-0.10595004260540009,0,-0.2126561850309372,0.3886931836605072,-0.8964875340461731,0,-0.20802365243434906,0.8784291744232178,0.4302087724208832,0,0,0.03362699970602989,0,1
B38,mixamorig_RightFoot,37,0.9649242162704468,0.08528602123260498,-0.24826762080192566,0,0.20669755339622498,0.3361453711986542,0.9188461899757385,0,0.1618179976940155,-0.937933623790741,0.3067310154438019,0,0,0.02593499980866909,0,1
B39,mixamorig_RightToeBase,38,0.9907671809196472,0.0001900134520838037,0.13557416200637817,0,-0.08735739439725876,0.7656266093254089,0.6373266577720642,0,-0.10367738455533981,-0.6432856917381287,0.7585739493370056,0,0,0.019809000194072723,0,1
B40,mixamorig_RightToe_End,39,1,0,0,0,0,1,0,0,0,0,1,0,0,0.007304999977350235,0,1
@34,0,1,2,3,4,5,7,8,9,10,11,12,13,15,16,17,19,20,21,22,23,24,25,27,28,29,31,32,33,34,36,37,38,39
K0.000,0.952754020690918,-0.016814999282360077,0.30327799916267395,0,-0.04024000093340874,0.9826779961585999,0.1808999925851822,0,-0.30106601119041443,-0.1845570057630539,0.9355739951133728,0,0.00014800000644754618,0.07140100002288818,-0.00030300000798888505,1,0.9994810223579407,-0.012509999796748161,0.029697999358177185,0,0.008946999907493591,0.9930649995803833,0.1172259971499443,0,-0.03095800057053566,-0.11689899861812592,0.9926609992980957,0,0,0.011083999648690224,-0.00003600000127335079,1,0.9981470108032227,-0.025516999885439873,0.05524199828505516,0,0.012640000320971012,0.9749720096588135,0.22196699678897858,0,-0.059523001313209534,-0.22085699439048767,0.9734879732131958,0,0,0.012931999750435352,0,1,0.9981489777565002,-0.025970999151468277,0.05499099940061569,0,0.013137999922037125,0.9749640226364136,0.22197400033473969,0,-0.05937900021672249,-0.22084100544452667,0.9735010266304016,0,0,0.014778999611735344,0,1,0.9982770085334778,-0.03096899949014187,-0.04984699934720993,0,0.02369599975645542,0.9898139834403992,-0.14037899672985077,0,0.053686998784542084,0.1389559954404831,0.9888420104980469,0,0,0.016627000644803047,0,1,0.970425009727478,-0.11797700077295303,-0.21061000227928162,0,-0.006945999804884195,0.8584359884262085,-0.5128740072250366,0,0.2413029968738556,0.4991680085659027,0.8322280049324036,0,0,0.009270000271499157,-0.00008800000068731606,1,-0.014538999646902084,0.012179000303149223,-0.9998199939727783,0,0.9584169983863831,-0.28484100103378296,-0.017407000064849854,0,-0.2850019931793213,-0.9584969878196716,-0.007530999835580587,0,0.0057299998588860035,0.014665000140666962,-0.000028000000384054147,1,0.843828022480011,0.5315459966659546,0.07357600331306458,0,-0.5008149743080139,0.7308560013771057,0.4637170135974884,0,0.19271300733089447,-0.42814600467681885,0.8829230070114136,0,0,0.012098000384867191,0,1,0.2276729941368103,0.9736989736557007,0.008634000085294247,0,-0.9737110137939453,0.22759300470352173,0.009347000159323215,0,0.007135999854654074,-0.010534999892115593,0.9999189972877502,0,0,0.027411000803112984,0,1,0.9127140045166016,-0.001749000046402216,-0.4085949957370758,0,-0.18855200707912445,0.8853499889373779,-0.4249750077724457,0,0.36249300837516785,0.4649220108985901,0.8077409863471985,0,0,0.029593000188469887,0,1,0.8055779933929443,0.5550119876861572,-0.20737700164318085,0,-0.5248749852180481,0.8308799862861633,0.18478499352931976,0,0.27486300468444824,-0.040011998265981674,0.9606500267982483,0,-0.0045900000259280205,0.0013510000426322222,0,1,0.9480869770050049,-0.2917729914188385,0.12648899853229523,0,0.25379401445388794,0.9338809847831726,0.25189998745918274,0,-0.1916240006685257,-0.2067209929227829,0.9594510197639465,0,-0.0007719999994151294,0.003748999908566475,0,1,0.8820800185203552,-0.4627529978752136,0.08828199654817581,0,0.45419999957084656,0.8851150274276733,0.10136199742555618,0,-0.1250459998846054,-0.04931199923157692,0.9909250140190125,0,0.000678999989759177,0.005007000174373388,0,1,0.9996680021286011,-0.02536799944937229,-0.004519000183790922,0,0.02258099988102913,0.9469529986381531,-0.32057899236679077,0,0.012412000447511673,0.32036998867988586,0.9472110271453857,0,0,0.004315999802201986,0.00010699999984353781,1,0.9993820190429688,0.03373900055885315,0.009839000180363655,0,-0.032993998378515244,0.804269015789032,0.5933489799499512,0,0.012106000445783138,-0.5933070182800293,0.8048850297927856,0,0.00016399999731220305,0.007973999716341496,0,1,0.9954789876937866,0.09423799812793732,0.011901999823749065,0,-0.09005899727344513,0.8965650200843811,0.43366000056266785,0,0.030195999890565872,-0.4327709972858429,0.9009979963302612,0,-0.00015900000289548188,0.006316999904811382,0,1,0.10575900226831436,-0.03687100112438202,0.9937080144882202,0,-0.883247971534729,-0.462567001581192,0.07683899998664856,0,0.4568229913711548,-0.8858169913291931,-0.08148699998855591,0,-0.0057299998588860035,0.014665000140666962,0.000014999999621068127,1,0.8828480243682861,-0.4453609883785248,-0.1491059958934784,0,0.401870995759964,0.5520390272140503,0.7305840253829956,0,-0.24306100606918335,-0.7049160003662109,0.6663439869880676,0,0,0.012098000384867191,0,1,-0.04823499917984009,-0.9988129734992981,-0.006802999880164862,0,0.9988210201263428,-0.04826999828219414,0.0050650001503527164,0,-0.005386999808251858,-0.006550000049173832,0.9999639987945557,0,0,0.0274059996008873,0,1,0.5109260082244873,0.029160000383853912,0.8591300249099731,0,0.05562499910593033,0.9962080121040344,-0.06689299643039703,0,-0.8578230142593384,0.08196700364351273,0.5073670148849487,0,0,0.02959199994802475,0,1,0.8563629984855652,-0.47240200638771057,0.20851700007915497,0,0.4388059973716736,0.8786129951477051,0.18838299810886383,0,-0.27219799160957336,-0.06982599943876266,0.9597039818763733,0,0.004745999816805124,0.0019940000493079424,0,1,0.9675260186195374,0.23638099431991577,-0.08953599631786346,0,-0.21292300522327423,0.9530550241470337,0.21528799831867218,0,0.13622300326824188,-0.18923300504684448,0.9724370241165161,0,0.0011919999960809946,0.003942000214010477,0,1,0.9788349866867065,0.09362299740314484,-0.1819780021905899,0,-0.08850199729204178,0.9954220056533813,0.03607900068163872,0,0.18452300131320953,-0.019209999591112137,0.9826409816741943,0,-0.00005500000042957254,0.004730000160634518,0,1,0.9997509717941284,0.02229199931025505,0.0003349999897181988,0,-0.02003300003707409,0.9048489928245544,-0.4252600073814392,0,-0.009782999753952026,0.42514801025390625,0.9050710201263428,0,0,0.004207000136375427,0.0000870000003487803,1,0.9998350143432617,-0.017350999638438225,-0.005293999798595905,0,0.016486000269651413,0.7473570108413696,0.6642190217971802,0,-0.007567999884486198,-0.6641970276832581,0.7475200295448303,0,-0.00018200000340584666,0.00800199992954731,0,1,0.9965230226516724,-0.08267199993133545,-0.01032899972051382,0,0.07664299756288528,0.8610280156135559,0.5027480125427246,0,-0.032669998705387115,-0.5017920136451721,0.8643710017204285,0,0.00019999999494757503,0.006426000036299229,0,1,-0.9302870035171509,-0.16457299888134003,0.3278430104255676,0,0.3387480080127716,-0.7283599972724915,0.5956019759178162,0,0.14076800644397736,0.665136992931366,0.7333329916000366,0,0.009217999875545502,-0.006147999782115221,0.0003760000108741224,1,0.9937800168991089,-0.003785999957472086,0.11129800230264664,0,0.0870250016450882,0.6499969959259033,-0.754938006401062,0,-0.06948500126600266,0.7599279880523682,0.646282970905304,0,0,0.0336339995265007,0,1,0.9533780217170715,-0.1942099928855896,0.2309810072183609,0,-0.1358959972858429,0.40710800886154175,0.9032139778137207,0,-0.26944801211357117,-0.8924940228462219,0.3617349863052368,0,0,0.02593100070953369,0,1,0.9895880222320557,-0.000018999999156221747,-0.14393000304698944,0,0.09115000069141388,0.7739999890327454,0.6265900135040283,0,0.11139000207185745,-0.6331850290298462,0.7659429907798767,0,0,0.019648000597953796,0,1,-0.8969950079917908,0.2329079955816269,-0.37570399045944214,0,-0.3949500024318695,-0.8039960265159607,0.4445280134677887,0,-0.19853000342845917,0.5471240282058716,0.8131669759750366,0,-0.009217999875545502,-0.006147999782115221,0.000391999987186864,1,0.9999420046806335,-0.00803999975323677,-0.007199000101536512,0,0.0016070000128820539,0.7705429792404175,-0.6373860239982605,0,0.010672000236809254,0.6373370289802551,0.7705109715461731,0,0,0.03362699970602989,0,1,0.9134910106658936,0.35115599632263184,-0.205485001206398,0,0.03092700056731701,0.4436590075492859,0.8956620097160339,0,0.4056830108165741,-0.824533998966217,0.39441800117492676,0,0,0.02593499980866909,0,1,0.9900540113449097,0,0.1406870037317276,0,-0.087909996509552,0.7807390093803406,0.6186429858207703,0,-0.10983999818563461,-0.6248570084571838,0.7729740142822266,0,0,0.019809000194072723,0,1
K0.033,0.9536489844322205,-0.016527967527508736,0.30046600103378296,0,-0.040730059146881104,0.9822120070457458,0.1833040863275528,0,-0.2981509566307068,-0.1870461106300354,0.9360129833221436,0,0.000099998913356103,0.07144299894571304,-0.00034300179686397314,1,0.9995549917221069,-0.013675019145011902,0.026500966399908066,0,0.010488023050129414,0.9930880069732666,0.11690297722816467,0,-0.027915967628359795,-0.11657297611236572,0.9927899837493896,0,0,0.011083999648690224,-0.00003600000127335079,1,0.998432993888855,-0.0273660346865654,0.04880692809820175,0,0.015905054286122322,0.9750649929046631,0.22134695947170258,0,-0.05364694073796272,-0.22022393345832825,0.9739729762077332,0,0,0.012931999750435352,0,1,0.9984350204467773,-0.027767036110162735,0.048551928251981735,0,0.016352051869034767,0.9750549793243408,0.2213619500398636,0,-0.05348794162273407,-0.22022193670272827,0.9739819765090942,0,0,0.014778999611735344,0,1,0.998386025428772,-0.03122200444340706,-0.047448981553316116,0,0.024195006117224693,0.9895619750022888,-0.14205902814865112,0,0.05138998106122017,0.14068202674388885,0.9887199997901917,0,0,0.016627000644803047,0,1,0.9731749892234802,-0.11355098336935043,-0.2000919133424759,0,-0.006270982325077057,0.8562989234924316,-0.516442060470581,0,0.229980930685997,0.5038430690765381,0.8326169848442078,0,0,0.009270000271499157,-0.00008800000068731606,1,-0.018055962398648262,0.011937005445361137,-0.9997659921646118,0,0.9569209814071655,-0.28960689902305603,-0.0207399670034647,0,-0.2897869050502777,-0.9570710062980652,-0.006194018293172121,0,0.0057299998588860035,0.014665000140666962,-0.000028000000384054147,1,0.8278998136520386,0.5577492713928223,0.059149760752916336,0,-0.5206071734428406,0.7249338626861572,0.4510430097579956,0,0.20868833363056183,-0.40421178936958313,0.8905400037765503,0,0,0.012098000384867191,0,1,0.253376305103302,0.9673309326171875,0.008386997506022453,0,-0.9673429131507874,0.2532992959022522,0.00928499922156334,0,0.006857996806502342,-0.010465999133884907,0.999921977519989,0,0,0.027411000803112984,0,1,0.9350622892379761,0.04670269414782524,-0.35139191150665283,0,-0.19806109368801117,0.8909510374069214,-0.4086298942565918,0,0.29398873448371887,0.45169177651405334,0.8423444032669067,0,0,0.029593000188469887,0,1,0.8055779933929443,0.5550119876861572,-0.20737700164318085,0,-0.5248749852180481,0.8308799862861633,0.18478600680828094,0,0.27486300468444824,-0.040011998265981674,0.9606500267982483,0,-0.0045900000259280205,0.0013510000426322222,0,1,0.9480869770050049,-0.2917740046977997,0.12648899853229523,0,0.25379499793052673,0.9338809847831726,0.25189998745918274,0,-0.1916240006685257,-0.2067209929227829,0.9594510197639465,0,-0.0007719999994151294,0.003748999908566475,0,1,0.8820800185203552,-0.4627529978752136,0.08828199654817581,0,0.45419999957084656,0.8851140141487122,0.10136199742555618,0,-0.1250459998846054,-0.04931199923157692,0.9909250140190125,0,0.000678999989759177,0.005007000174373388,0,1,0.9996680021286011,-0.02536799944937229,-0.004519000183790922,0,0.02258099988102913,0.9469529986381531,-0.32057899236679077,0,0.012412000447511673,0.32036998867988586,0.9472110271453857,0,0,0.004315999802201986,0.00010699999984353781,1,0.9993820190429688,0.03373900055885315,0.009839000180363655,0,-0.032993000000715256,0.804269015789032,0.5933489799499512,0,0.012106000445783138,-0.5933070182800293,0.8048850297927856,0,0.00016399999731220305,0.007973999716341496,0,1,0.9954789876937866,0.09423799812793732,0.011901999823749065,0,-0.09005899727344513,0.8965650200843811,0.43366000056266785,0,0.030195999890565872,-0.4327709972858429,0.9009979963302612,0,-0.00015900000289548188,0.006316999904811382,0,1,0.10464399307966232,-0.03651699796319008,0.9938390254974365,0,-0.884128987789154,-0.4609939754009247,0.07615400105714798,0,0.45537295937538147,-0.8866509795188904,-0.08052599430084229,0,-0.0057299998588860035,0.014665000140666962,0.000014999999621068127,1,0.8798279166221619,-0.4467000365257263,-0.1623651385307312,0,0.41303810477256775,0.5495689511299133,0.7262049317359924,0,-0.23516494035720825,-0.7059980034828186,0.6680300235748291,0,0,0.012098000384867191,0,1,-0.039458807557821274,-0.9991980195045471,-0.006757998839020729,0,0.9992070198059082,-0.039493806660175323,0.005065999925136566,0,-0.005328998435288668,-0.006552999839186668,0.9999639987945557,0,0,0.0274059996008873,0,1,0.5129151940345764,0.03197004646062851,0.8578438758850098,0,0.053198929876089096,0.9962019920349121,-0.06893403083086014,0,-0.8567898869514465,0.08099295943975449,0.509266197681427,0,0,0.02959199994802475,0,1,0.8563629984855652,-0.47240200638771057,0.20851700007915497,0,0.4388059973716736,0.8786129951477051,0.18838299810886383,0,-0.27219799160957336,-0.06982599943876266,0.9597039818763733,0,0.004745999816805124,0.0019940000493079424,0,1,0.9675260186195374,0.23638099431991577,-0.08953599631786346,0,-0.21292300522327423,0.9530559778213501,0.21528799831867218,0,0.1362220048904419,-0.18923300504684448,0.9724370241165161,0,0.0011919999960809946,0.003942000214010477,0,1,0.9788349866867065,0.09362299740314484,-0.1819780021905899,0,-0.08850199729204178,0.9954220056533813,0.03607900068163872,0,0.18452300131320953,-0.019209999591112137,0.9826409816741943,0,-0.00005500000042957254,0.004730000160634518,0,1,0.9997509717941284,0.02229199931025505,0.00033599999733269215,0,-0.02003300003707409,0.9048500061035156,-0.4252600073814392,0,-0.009782999753952026,0.42514699697494507,0.9050710201263428,0,0,0.004207000136375427,0.0000870000003487803,1,0.9998350143432617,-0.017350999638438225,-0.005293999798595905,0,0.016486000269651413,0.7473570108413696,0.6642190217971802,0,-0.007567999884486198,-0.6641970276832581,0.7475200295448303,0,-0.00018200000340584666,0.00800199992954731,0,1,0.9965230226516724,-0.08267199993133545,-0.01032899972051382,0,0.07664299756288528,0.8610280156135559,0.5027480125427246,0,-0.032669998705387115,-0.5017920136451721,0.8643710017204285,0,0.00019999999494757503,0.006426000036299229,0,1,-0.9296299815177917,-0.16337397694587708,0.3302980363368988,0,0.3397290110588074,-0.7271709442138672,0.5964950323104858,0,0.14273200929164886,0.666731059551239,0.7315029501914978,0,0.009217999875545502,-0.006147999782115221,0.0003760000108741224,1,0.9939550161361694,-0.009057080373167992,0.10941202193498611,0,0.08865106105804443,0.6540820598602295,-0.7512109279632568,0,-0.0647609606385231,0.756369948387146,0.6509310603141785,0,0,0.0336339995265007,0,1,0.9539139866828918,-0.19018591940402985,0.23211701214313507,0,-0.13743701577186584,0.41072309017181396,0.9013419151306152,0,-0.2667579650878906,-0.8917040228843689,0.3656550943851471,0,0,0.02593100070953369,0,1,0.9897119998931885,-0.00004300024011172354,-0.1430729776620865,0,0.0910630002617836,0.7714849710464478,0.6296970248222351,0,0.11035199463367462,-0.636247992515564,0.7635520100593567,0,0,0.019648000597953796,0,1,-0.8985559940338135,0.2318519651889801,-0.3726139962673187,0,-0.39242300391197205,-0.8045939207077026,0.4456821084022522,0,-0.1964709609746933,0.5466931462287903,0.8139569163322449,0,-0.009217999875545502,-0.006147999782115221,0.000391999987186864,1,0.9998890161514282,-0.012154008261859417,-0.008612040430307388,0,0.00391598092392087,0.7722830176353455,-0.6352660059928894,0,0.01437203586101532,0.6351619958877563,0.7722449898719788,0,0,0.03362699970602989,0,1,0.9126039743423462,0.35315197706222534,-0.20600201189517975,0,0.030233021825551987,0.4441950023174286,0.8954200148582458,0,0.40772396326065063,-0.8233919739723206,0.39469701051712036,0,0,0.02593499980866909,0,1,0.9900869727134705,0.000006000070243317168,0.14045800268650055,0,-0.0878869965672493,0.7800729870796204,0.6194850206375122,0,-0.10956399887800217,-0.6256880164146423,0.7723410129547119,0,0,0.019809000194072723,0,1
K0.067,0.9540659785270691,-0.013402030803263187,0.29929599165916443,0,-0.04657094180583954,0.9802209734916687,0.192347913980484,0,-0.29595401883125305,-0.1974518895149231,0.9345710277557373,0,-0.00000799892677605385,0.07148200273513794,-0.0005229982198216021,1,0.9996119737625122,-0.015596980229020119,0.023079033941030502,0,0.012858976610004902,0.9933580160140991,0.114344023168087,0,-0.024709030985832214,-0.114003024995327,0.9931730031967163,0,0,0.011083999648690224,-0.00003600000127335079,1,0.9986420273780823,-0.030985964462161064,0.041871070861816406,0,0.02122494764626026,0.9761279821395874,0.21615704894065857,0,-0.047570060938596725,-0.21497505903244019,0.9754599928855896,0,0,0.012931999750435352,0,1,0.9986429810523987,-0.03133896365761757,0.041597072035074234,0,0.021626947447657585,0.9761109948158264,0.21619205176830292,0,-0.047379057854413986,-0.21499904990196228,0.9754639863967896,0,0,0.014778999611735344,0,1,0.9984580278396606,-0.03168599680066109,-0.045577019453048706,0,0.024790994822978973,0.9891809821128845,-0.14458897709846497,0,0.049666017293930054,0.1432359665632248,0.9884420037269592,0,0,0.016627000644803047,0,1,0.9750310182571411,-0.11213601380586624,-0.1916750967502594,0,-0.004487017635256052,0.8530150651931763,-0.5218669176101685,0,0.22202207148075104,0.5096959471702576,0.8312129974365234,0,0,0.009270000271499157,-0.00008800000068731606,1,-0.014354037120938301,0.012532994151115417,-0.9998180270195007,0,0.9595850110054016,-0.28088709712028503,-0.017297033220529556,0,-0.2810530960559845,-0.9596589803695679,-0.007994982413947582,0,0.0057299998588860035,0.014665000140666962,-0.000028000000384054147,1,0.807198166847229,0.5892297029495239,0.035212237387895584,0,-0.5388108491897583,0.7111400961875916,0.45162200927734375,0,0.24106867611408234,-0.3835211992263794,0.891514003276825,0,0,0.012098000384867191,0,1,0.2839547097682953,0.9588030576705933,0.00809400249272585,0,-0.9588150382041931,0.28388071060180664,0.009204001165926456,0,0.006527003366500139,-0.01037400122731924,0.9999250173568726,0,0,0.027411000803112984,0,1,0.9636237025260925,0.1158183142542839,-0.24086309969425201,0,-0.2066839039325714,0.8943079113960266,-0.39685511589050293,0,0.16944323480129242,0.43220219016075134,0.885714590549469,0,0,0.029593000188469887,0,1,0.8055790066719055,0.5550119876861572,-0.20737700164318085,0,-0.5248749852180481,0.8308799862861633,0.18478499352931976,0,0.27486300468444824,-0.040011998265981674,0.9606500267982483,0,-0.0045900000259280205,0.0013510000426322222,0,1,0.9480869770050049,-0.2917729914188385,0.12648899853229523,0,0.25379401445388794,0.9338819980621338,0.25189998745918274,0,-0.1916240006685257,-0.2067209929227829,0.9594510197639465,0,-0.0007719999994151294,0.003748999908566475,0,1,0.8820800185203552,-0.4627529978752136,0.08828199654817581,0,0.45419999957084656,0.8851140141487122,0.10136199742555618,0,-0.1250459998846054,-0.04931199923157692,0.9909250140190125,0,0.000678999989759177,0.005007000174373388,0,1,0.9996680021286011,-0.02536799944937229,-0.004519999958574772,0,0.02258099988102913,0.9469529986381531,-0.32057899236679077,0,0.012412999756634235,0.32036998867988586,0.9472110271453857,0,0,0.004315999802201986,0.00010699999984353781,1,0.9993820190429688,0.03373900055885315,0.009839000180363655,0,-0.032993000000715256,0.804269015789032,0.5933489799499512,0,0.012106000445783138,-0.5933070182800293,0.8048850297927856,0,0.00016399999731220305,0.007973999716341496,0,1,0.9954789876937866,0.09423799812793732,0.011903000064194202,0,-0.09005899727344513,0.8965650200843811,0.43365898728370667,0,0.030194999650120735,-0.4327709972858429,0.9009979963302612,0,-0.00015900000289548188,0.006316999904811382,0,1,0.10388300567865372,-0.03624200448393822,0.9939290285110474,0,-0.8861560225486755,-0.45712003111839294,0.0759510025382042,0,0.45159202814102173,-0.8886659741401672,-0.07960300892591476,0,-0.0057299998588860035,0.014665000140666962,0.000014999999621068127,1,0.876183032989502,-0.448669970035553,-0.17606286704540253,0,0.42438289523124695,0.5450020432472229,0.7230990529060364,0,-0.2284780591726303,-0.7082849740982056,0.667930006980896,0,0,0.012098000384867191,0,1,-0.020188191905617714,-0.9997739791870117,-0.00666100112721324,0,0.9997829794883728,-0.020222192630171776,0.00506900018081069,0,-0.005202001426368952,-0.006556999869644642,0.9999650120735168,0,0,0.0274059996008873,0,1,0.5314728021621704,0.03634295612573624,0.8462951183319092,0,0.04609706997871399,0.9963579773902893,-0.07173597067594528,0,-0.8458201289176941,0.0771370381116867,0.5278628468513489,0,0,0.02959199994802475,0,1,0.8563629984855652,-0.47240200638771057,0.20851700007915497,0,0.4388059973716736,0.8786129951477051,0.18838299810886383,0,-0.27219900488853455,-0.06982599943876266,0.9597039818763733,0,0.004745999816805124,0.0019940000493079424,0,1,0.9675260186195374,0.23638099431991577,-0.08953599631786346,0,-0.21292300522327423,0.9530559778213501,0.21528799831867218,0,0.13622300326824188,-0.18923300504684448,0.9724370241165161,0,0.0011919999960809946,0.003942000214010477,0,1,0.9788359999656677,0.09362299740314484,-0.1819780021905899,0,-0.08850199729204178,0.9954220056533813,0.03607799857854843,0,0.18452200293540955,-0.019209999591112137,0.9826409816741943,0,-0.00005500000042957254,0.004730000160634518,0,1,0.9997509717941284,0.02229199931025505,0.00033599999733269215,0,-0.02003300003707409,0.9048500061035156,-0.425258994102478,0,-0.009782999753952026,0.42514699697494507,0.9050719738006592,0,0,0.004207000136375427,0.0000870000003487803,1,0.9998350143432617,-0.017350999638438225,-0.005293999798595905,0,0.016486000269651413,0.7473559975624084,0.6642190217971802,0,-0.007567999884486198,-0.6641970276832581,0.7475200295448303,0,-0.00018200000340584666,0.00800199992954731,0,1,0.9965230226516724,-0.08267199993133545,-0.01032899972051382,0,0.0766419991850853,0.8610290288925171,0.5027480125427246,0,-0.032669998705387115,-0.5017920136451721,0.8643710017204285,0,0.00019999999494757503,0.006426000036299229,0,1,-0.9291319847106934,-0.1601700335741043,0.33325597643852234,0,0.3405660092830658,-0.7216750383377075,0.6026599407196045,0,0.14397399127483368,0.6734469532966614,0.7250800728797913,0,0.009217999875545502,-0.006147999782115221,0.0003760000108741224,1,0.993615984916687,-0.017091920599341393,0.11150997877120972,0,0.09479893743991852,0.6623239517211914,-0.7431960701942444,0,-0.06115303561091423,0.7490230798721313,0.6597159504890442,0,0,0.0336339995265007,0,1,0.9547179937362671,-0.18344706296920776,0.23422499001026154,0,-0.13942798972129822,0.4195868968963623,0.8969430327415466,0,-0.2628190219402313,-0.8889849781990051,0.3750089108943939,0,0,0.02593100070953369,0,1,0.9898260235786438,-0.00006699976074742153,-0.14228501915931702,0,0.09097900241613388,0.7691609859466553,0.632544994354248,0,0.1093980073928833,-0.6390550136566162,0.7613419890403748,0,0,0.019648000597953796,0,1,-0.8992969989776611,0.2293490320444107,-0.3723759949207306,0,-0.3929319977760315,-0.7975570559501648,0.4577188789844513,0,-0.19201403856277466,0.5579438805580139,0.807360053062439,0,-0.009217999875545502,-0.006147999782115221,0.000391999987186864,1,0.9998360276222229,-0.013035991229116917,-0.01258196122944355,0,0.0020260189194232225,0.7705649733543396,-0.6373580098152161,0,0.01800396479666233,0.6372280120849609,0.7704650163650513,0,0,0.03362699970602989,0,1,0.9132959842681885,0.35056301951408386,-0.20735397934913635,0,0.03244197741150856,0.44486701488494873,0.8950089812278748,0,0.4060020446777344,-0.8241350054740906,0.3949219882488251,0,0,0.02593499980866909,0,1,0.9901250004768372,0.000012999930731893983,0.14018799364566803,0,-0.08786199986934662,0.7792850136756897,0.6204800009727478,0,-0.10923799872398376,-0.6266700029373169,0.771589994430542,0,0,0.019809000194072723,0,1
