4.000,30,120,41
B0,mixamorig_Hips,-1,0.9732402563095093,-0.045895498245954514,0.22514423727989197,0,0.0062417578883469105,0.9847687482833862,0.17375198006629944,0,-0.22968849539756775,-0.16769997775554657,0.9587042927742004,0,-0.00005325132224243134,0.06924375146627426,-0.0004242502909619361,1
B1,mixamorig_Spine,0,0.999762237071991,0.012614494189620018,0.017752237617969513,0,-0.015177992172539234,0.9881719946861267,0.15259699523448944,0,-0.015617238357663155,-0.15283049643039703,0.9881284832954407,0,0,0.011083999648690224,-0.00003600000127335079,1
B2,mixamorig_Spine1,1,0.9995254874229431,-0.008967758156359196,0.029363472014665604,0,0.0001690161880105734,0.9579874873161316,0.28680649399757385,0,-0.03070172667503357,-0.2866690158843994,0.9575357437133789,0,0,0.012931999750435352,0,1
B3,mixamorig_Spine2,2,0.9995497465133667,-0.009407258592545986,0.028375722467899323,0,0.0008710158290341496,0.9579592347145081,0.28689977526664734,0,-0.02988147735595703,-0.2867499887943268,0.9575374722480774,0,0,0.014778999611735344,0,1
B4,mixamorig_Neck,3,0.9964210391044617,-0.06901704519987106,-0.048694074153900146,0,0.06650953739881516,0.9964577555656433,-0.051433730870485306,0,0.052069321274757385,0.04800747334957123,0.997483491897583,0,0,0.016627000644803047,0,1
B5,mixamorig_Head,4,0.9748491644859314,-0.13541245460510254,-0.17635855078697205,0,0.022624284029006958,0.8492905497550964,-0.5274224877357483,0,0.22119785845279694,0.5101641416549683,0.8309959769248962,0,0,0.009270000271499157,-0.00008800000068731606,1
B6,mixamorig_HeadTop_End,5,1,0,0,0,0,1,0,0,0,0,1,0,0,0.06014399975538254,-0.0005729999975301325,1
B7,mixamorig_LeftShoulder,3,-0.04758624732494354,0.013933000154793262,-0.998769998550415,0,0.8802794814109802,-0.47196677327156067,-0.04852449521422386,0,-0.47206199169158936,-0.8815060257911682,0.010194497182965279,0,0.0057299998588860035,0.014665000140666962,-0.000028000000384054147,1
B8,mixamorig_LeftArm,7,0.7511610388755798,0.6499429941177368,0.11537593603134155,0,-0.6252740025520325,0.6446287035942078,0.43980005383491516,0,0.21146610379219055,-0.4025135040283203,0.8906104564666748,0,0,0.012098000384867191,0,1
B9,mixamorig_LeftForeArm,8,0.38402727246284485,0.9232932329177856,0.0071332501247525215,0,-0.9233042001724243,0.3839634954929352,0.008862749673426151,0,0.005444000009447336,-0.009990249760448933,0.9999352097511292,0,0,0.027411000803112984,0,1
B10,mixamorig_LeftHand,9,0.8375294804573059,-0.03219172731041908,-0.545428991317749,0,-0.19715027511119843,0.9131997227668762,-0.3566124737262726,0,0.5095827579498291,0.4062015116214752,0.7584879994392395,0,0,0.029593000188469887,0,1
B11,mixamorig_LeftHandThumb1,10,0.7783842086791992,0.5915147662162781,-0.21030500531196594,0,-0.5642340183258057,0.8060342669487,0.178740993142128,0,0.2752409875392914,-0.020468000322580338,0.9611570239067078,0,-0.0045900000259280205,0.0013510000426322222,0,1
B12,mixamorig_LeftHandThumb2,11,0.986204981803894,-0.1325799971818924,0.09910774976015091,0,0.11200600117444992,0.9753360152244568,0.1901942491531372,0,-0.12187899649143219,-0.17646999657154083,0.97673100233078,0,-0.0007719999994151294,0.003748999908566475,0,1
B13,mixamorig_LeftHandThumb3,12,0.9460200071334839,-0.32043400406837463,0.04866199940443039,0,0.31896600127220154,0.9470959901809692,0.0356220006942749,0,-0.05750200152397156,-0.018177999183535576,0.9981799721717834,0,0.000678999989759177,0.005007000174373388,0,1
B14,mixamorig_LeftHandThumb4,13,1,0,0,0,0,1,0,0,0,0,1,0,0.00009300000237999484,0.0039969999343156815,0,1
B15,mixamorig_LeftHandIndex1,10,0.9970859885215759,0.07450299710035324,0.01640399917960167,0,-0.07510299980640411,0.9208940267562866,0.3825089931488037,0,0.013391000218689442,-0.3826259970664978,0.9238060116767883,0,0,0.004315999802201986,0.00010699999984353781,1
B16,mixamorig_LeftHandIndex2,15,0.9999979734420776,0.001829999964684248,-0.00004874999285675585,0,-0.0016629999736323953,0.9189810156822205,0.3942990005016327,0,0.0007660000119358301,-0.394298255443573,0.9189820289611816,0,0.00016399999731220305,0.007973999716341496,0,1
B17,mixamorig_LeftHandIndex3,16,0.9981520175933838,0.06075900048017502,0.000561749970074743,0,-0.05962900072336197,0.9777169823646545,0.20128099620342255,0,0.011680999770760536,-0.2009429931640625,0.9795330166816711,0,-0.00015900000289548188,0.006316999904811382,0,1
B18,mixamorig_LeftHandIndex4,17,1,0,0,0,0,1,0,0,0,0,1,0,-0.000004999999873689376,0.005096999928355217,0,1
B19,mixamorig_RightShoulder,3,0.09262274950742722,-0.02968224510550499,0.9952585101127625,0,-0.881409764289856,-0.46741950511932373,0.06808700412511826,0,0.4631820023059845,-0.8835369944572449,-0.06945549696683884,0,-0.0057299998588860035,0.014665000140666962,0.000014999999621068127,1
B20,mixamorig_RightArm,19,0.7403334379196167,-0.6047430634498596,-0.2935267388820648,0,0.6426510810852051,0.5086295008659363,0.572935938835144,0,-0.1971619725227356,-0.6128172278404236,0.7652150392532349,0,0,0.012098000384867191,0,1
B21,mixamorig_RightForeArm,20,0.08669551461935043,-0.9962145090103149,-0.006119000259786844,0,0.996223509311676,0.08666551858186722,0.005051500163972378,0,-0.0045022498816251755,-0.006533500272780657,0.9999687671661377,0,0,0.0274059996008873,0,1
B22,mixamorig_RightHand,21,0.7948212623596191,0.004152498207986355,0.6068152189254761,0,0.07608724385499954,0.9914029836654663,-0.10644474625587463,0,-0.6020409464836121,0.1307767629623413,0.7876720428466797,0,0,0.02959199994802475,0,1
B23,mixamorig_RightHandThumb1,22,0.8288587331771851,-0.5184710025787354,0.21019400656223297,0,0.4876269996166229,0.8536859750747681,0.18286700546741486,0,-0.2742510139942169,-0.04907499998807907,0.9604049921035767,0,0.004745999816805124,0.0019940000493079424,0,1
B24,mixamorig_RightHandThumb2,23,0.9802179932594299,0.18057000637054443,-0.08104325085878372,0,-0.16202600300312042,0.9672489762306213,0.19538800418376923,0,0.11367025226354599,-0.17839199304580688,0.9773719906806946,0,0.0011919999960809946,0.003942000214010477,0,1
B25,mixamorig_RightHandThumb3,24,0.9879339933395386,-0.10999125242233276,-0.10903774946928024,0,0.1084270030260086,0.9938989877700806,-0.020194999873638153,0,0.1105939969420433,0.00812899973243475,0.993831992149353,0,-0.00005500000042957254,0.004730000160634518,0,1
B26,mixamorig_RightHandThumb4,25,1,0,0,0,0,1,0,0,0,0,1,0,-0.00113800005055964,0.003444999922066927,0,1
B27,mixamorig_RightHandIndex1,22,0.9980859756469727,-0.05912499874830246,-0.018130000680685043,0,0.061546001583337784,0.9210119843482971,0.38464200496673584,0,-0.006043999921530485,-0.38502201437950134,0.9228879809379578,0,0,0.004207000136375427,0.0000870000003487803,1
B28,mixamorig_RightHandIndex2,27,0.9998900294303894,0.01448774989694357,0.0032099999953061342,0,-0.014573750086128712,0.9180189967155457,0.3962689936161041,0,0.0027940000873059034,-0.3962720036506653,0.918129026889801,0,-0.00018200000340584666,0.00800199992954731,0,1
B29,mixamorig_RightHandIndex3,28,0.998649001121521,-0.05194700136780739,0.0014509999891743064,0,0.0505792498588562,0.9780089855194092,0.20233525335788727,0,-0.01193000003695488,-0.20198899507522583,0.9793149828910828,0,0.00019999999494757503,0.006426000036299229,0,1
B30,mixamorig_RightHandIndex4,29,1,0,0,0,0,1,0,0,0,0,1,0,-0.000018000000636675395,0.005113999824970961,0,1
B31,mixamorig_LeftUpLeg,0,-0.9079549908638,-0.22215726971626282,0.35532623529434204,0,0.4112737774848938,-0.6350807547569275,0.653850257396698,0,0.08040550351142883,0.7398073077201843,0.6679967045783997,0,0.009217999875545502,-0.006147999782115221,0.0003760000108741224,1
B32,mixamorig_LeftLeg,31,0.9991825222969055,-0.012354752980172634,0.038356978446245193,0,0.03790648654103279,0.611922025680542,-0.7899932861328125,0,-0.013703485019505024,0.7908065319061279,0.6118882894515991,0,0,0.0336339995265007,0,1
B33,mixamorig_LeftFoot,32,0.943240761756897,-0.23455201089382172,0.2351212501525879,0,-0.10018898546695709,0.47399526834487915,0.8747954964637756,0,-0.3166302740573883,-0.8486992120742798,0.4235925078392029,0,0,0.02593100070953369,0,1
B34,mixamorig_LeftToeBase,33,0.9898672699928284,-0.00007649998588021845,-0.14199574291706085,0,0.09094724804162979,0.7683055400848389,0.6335890293121338,0,0.10904724895954132,-0.6400827765464783,0.7605277299880981,0,0,0.019648000597953796,0,1
B35,mixamorig_LeftToe_End,34,1,0,0,0,0,1,0,0,0,0,1,0,0,0.007304999977350235,0,1
B36,mixamorig_RightUpLeg,0,-0.9061459898948669,0.18205299973487854,-0.38176849484443665,0,-0.37497249245643616,-0.7633549571037292,0.5259965062141418,0,-0.1956622451543808,0.6197882890701294,0.7599844932556152,0,-0.009217999875545502,-0.006147999782115221,0.000391999987186864,1
B37,mixamorig_RightLeg,36,0.9929364919662476,-0.008647522889077663,-0.11825826019048691,0,-0.09209324419498444,0.5721309781074524,-0.8149667382240295,0,0.07470177114009857,0.8201054930686951,0.567290723323822,0,0,0.03362699970602989,0,1
B38,mixamorig_RightFoot,37,0.9365507364273071,0.29763349890708923,-0.18516549468040466,0,0.08628375083208084,0.31623145937919617,0.9447410106658936,0,0.3397427499294281,-0.9007745385169983,0.27048546075820923,0,0,0.02593499980866909,0,1
B39,mixamorig_RightToeBase,38,0.9900540113449097,0,0.1406870037317276,0,-0.0879097431898117,0.7807390093803406,0.6186429858207703,0,-0.10983899980783463,-0.624858021736145,0.7729740142822266,0,0,0.019809000194072723,0,1
B40,mixamorig_RightToe_End,39,1,0,0,0,0,1,0,0,0,0,1,0,0,0.007304999977350235,0,1
@34,0,1,2,3,4,5,7,8,9,10,11,12,13,15,16,17,19,20,21,22,23,24,25,27,28,29,31,32,33,34,36,37,38,39
K0.000,0.9783449769020081,-0.046163998544216156,0.20176899433135986,0,0.0123070003464818,0.9860600233078003,0.16593599319458008,0,-0.20661599934101105,-0.15986000001430511,0.9652739763259888,0,0.00014699999883305281,0.06905999779701233,-0.0013229999458417296,1,0.9994149804115295,0.017847999930381775,0.029177000746130943,0,-0.022244999185204506,0.98716801404953,0.15812599658966064,0,-0.025980999693274498,-0.15868300199508667,0.9869880080223083,0,0,0.011083999648690224,-0.00003600000127335079,1,0.9986590147018433,-0.00418600020930171,0.051600001752376556,0,-0.011272000148892403,0.9552310109138489,0.2956480085849762,0,-0.050526998937129974,-0.2958329916000366,0.9539030194282532,0,0,0.012931999750435352,0,1,0.9987059831619263,-0.005106000229716301,0.050595998764038086,0,-0.010103999637067318,0.955187976360321,0.29582899808883667,0,-0.04983900114893913,-0.2959569990634918,0.9538999795913696,0,0,0.014778999611735344,0,1,0.9994059801101685,-0.030539000406861305,-0.01597600057721138,0,0.029012000188231468,0.9956629872322083,-0.0883990004658699,0,0.018605999648571014,0.08788300305604935,0.9959570169448853,0,0,0.016627000644803047,0,1,0.9977009892463684,0.017683999612927437,-0.06542100012302399,0,-0.050273001194000244,0.8404830098152161,-0.5394999980926514,0,0.045444998890161514,0.541549026966095,0.8394399881362915,0,0,0.009270000271499157,-0.00008800000068731606,1,-0.049936000257730484,0.01308900024741888,-0.9986670017242432,0,0.8839079737663269,-0.46494901180267334,-0.0502920001745224,0,-0.46498700976371765,-0.8852409720420837,0.011648000217974186,0,0.0057299998588860035,0.014665000140666962,-0.000028000000384054147,1,0.8098030090332031,0.5739679932594299,0.12157099694013596,0,-0.5535699725151062,0.6788439750671387,0.48242199420928955,0,0.19436700642108917,-0.4579649865627289,0.8674619793891907,0,0,0.012098000384867191,0,1,0.3960210084915161,0.9182140231132507,0.007017999887466431,0,-0.9182260036468506,0.3959589898586273,0.008813000284135342,0,0.005313999950885773,-0.009934999980032444,0.9999369978904724,0,0,0.027411000803112984,0,1,0.8272690176963806,-0.0126740001142025,-0.5616629719734192,0,-0.23751600086688995,0.8981149792671204,-0.3701019883155823,0,0.509128987789154,0.43957799673080444,0.7399719953536987,0,0,0.029593000188469887,0,1,0.7783849835395813,0.591513991355896,-0.21030500531196594,0,-0.5642340183258057,0.8060349822044373,0.178740993142128,0,0.2752409875392914,-0.020468000322580338,0.9611570239067078,0,-0.0045900000259280205,0.0013510000426322222,0,1,0.986204981803894,-0.13258099555969238,0.0991080030798912,0,0.11200600117444992,0.9753360152244568,0.1901939958333969,0,-0.12188000231981277,-0.17646999657154083,0.97673100233078,0,-0.0007719999994151294,0.003748999908566475,0,1,0.9460200071334839,-0.32043400406837463,0.04866199940443039,0,0.31896600127220154,0.9470970034599304,0.0356220006942749,0,-0.05750200152397156,-0.018177999183535576,0.9981799721717834,0,0.000678999989759177,0.005007000174373388,0,1,0.9970859885215759,0.07450299710035324,0.016404999420046806,0,-0.07510299980640411,0.9208940267562866,0.3825089931488037,0,0.013391000218689442,-0.3826259970664978,0.9238060116767883,0,0,0.004315999802201986,0.00010699999984353781,1,0.9999979734420776,0.001829999964684248,-0.000048000001697801054,0,-0.0016629999736323953,0.9189810156822205,0.3942990005016327,0,0.0007660000119358301,-0.3942979872226715,0.9189820289611816,0,0.00016399999731220305,0.007973999716341496,0,1,0.9981520175933838,0.06075900048017502,0.0005610000225715339,0,-0.05962799862027168,0.9777169823646545,0.20128099620342255,0,0.011680999770760536,-0.2009429931640625,0.9795330166816711,0,-0.00015900000289548188,0.006316999904811382,0,1,0.09863699972629547,-0.030713999643921852,0.9946489930152893,0,-0.880827009677887,-0.46779200434684753,0.07290499657392502,0,0.4630489945411682,-0.883305013179779,-0.07319500297307968,0,-0.0057299998588860035,0.014665000140666962,0.000014999999621068127,1,0.7479569911956787,-0.5524119734764099,-0.36796900629997253,0,0.6585999727249146,0.5487599968910217,0.5148869752883911,0,-0.08250299841165543,-0.6274579763412476,0.7742670178413391,0,0,0.012098000384867191,0,1,0.10818099975585938,-0.994113028049469,-0.006010000128298998,0,0.9941220283508301,0.10815100371837616,0.0050409999676048756,0,-0.004360999912023544,-0.006519999820739031,0.9999690055847168,0,0,0.0274059996008873,0,1,0.8118699789047241,0.0022279999684542418,0.5838339924812317,0,0.07483600080013275,0.9913470149040222,-0.10784900188446045,0,-0.5790219902992249,0.1312520056962967,0.8046780228614807,0,0,0.02959199994802475,0,1,0.8288589715957642,-0.5184710025787354,0.21019400656223297,0,0.4876269996166229,0.8536859750747681,0.18286700546741486,0,-0.2742510139942169,-0.04907499998807907,0.9604049921035767,0,0.004745999816805124,0.0019940000493079424,0,1,0.9802179932594299,0.18057000637054443,-0.08104400336742401,0,-0.16202600300312042,0.9672489762306213,0.1953890025615692,0,0.11367099732160568,-0.17839199304580688,0.9773719906806946,0,0.0011919999960809946,0.003942000214010477,0,1,0.9879339933395386,-0.10999099910259247,-0.10903800278902054,0,0.1084270030260086,0.9938989877700806,-0.020194999873638153,0,0.1105939969420433,0.00812899973243475,0.993831992149353,0,-0.00005500000042957254,0.004730000160634518,0,1,0.9980859756469727,-0.05912400037050247,-0.018130000680685043,0,0.061546001583337784,0.9210119843482971,0.38464200496673584,0,-0.006043999921530485,-0.38502201437950134,0.9228879809379578,0,0,0.004207000136375427,0.0000870000003487803,1,0.9998900294303894,0.014487000182271004,0.0032099999953061342,0,-0.014573999680578709,0.9180189967155457,0.3962689936161041,0,0.0027940000873059034,-0.3962720036506653,0.918129026889801,0,-0.00018200000340584666,0.00800199992954731,0,1,0.998649001121521,-0.05194700136780739,0.0014509999891743064,0,0.050579000264406204,0.9780089855194092,0.20233599841594696,0,-0.01193000003695488,-0.20198899507522583,0.9793149828910828,0,0.00019999999494757503,0.006426000036299229,0,1,-0.914126992225647,-0.21470899879932404,0.34390801191329956,0,0.3990660011768341,-0.6262019872665405,0.6697900295257568,0,0.07154600322246552,0.7495139837265015,0.6581100225448608,0,0.009217999875545502,-0.006147999782115221,0.0003760000108741224,1,0.999409019947052,-0.015087000094354153,0.030903000384569168,0,0.0336420014500618,0.6152139902114868,-0.7876420021057129,0,-0.007129000034183264,0.7882159948348999,0.6153579950332642,0,0,0.0336339995265007,0,1,0.9457330107688904,-0.21915799379348755,0.23991499841213226,0,-0.10492700338363647,0.4928100109100342,0.8637869954109192,0,-0.3075389862060547,-0.8420850038528442,0.44307100772857666,0,0,0.02593100070953369,0,1,0.9897850155830383,-0.000058000001445179805,-0.14256800711154938,0,0.09100999683141708,0.7699959874153137,0.6315240263938904,0,0.1097399964928627,-0.638047993183136,0.7621359825134277,0,0,0.019648000597953796,0,1,-0.8966040015220642,0.18166199326515198,-0.4038569927215576,0,-0.3888559937477112,-0.7593259811401367,0.5217419862747192,0,-0.21187900006771088,0.6248379945755005,0.7514550089836121,0,-0.009217999875545502,-0.006147999782115221,0.000391999987186864,1,0.9929710030555725,0.0017399999778717756,-0.11834699660539627,0,-0.09876000136137009,0.563264012336731,-0.8203529715538025,0,0.06523299962282181,0.8262749910354614,0.5594769716262817,0,0,0.03362699970602989,0,1,0.9391899704933167,0.287198007106781,-0.18825499713420868,0,0.09146499633789062,0.3191930055618286,0.943265974521637,0,0.33099299669265747,-0.9031239748001099,0.2735140025615692,0,0,0.02593499980866909,0,1,0.9900540113449097,0,0.1406870037317276,0,-0.08790899813175201,0.7807390093803406,0.6186419725418091,0,-0.10983999818563461,-0.6248570084571838,0.7729740142822266,0,0,0.019809000194072723,0,1
K0.033,0.9792609810829163,-0.04286898300051689,0.1980169713497162,0,0.008458973839879036,0.9851570129394531,0.1714450567960739,0,-0.2024269700050354,-0.16621506214141846,0.9650890231132507,0,0.00002699894866964314,0.0691239982843399,-0.0012279991060495377,1,0.9993630051612854,0.018340004608035088,0.0306010153144598,0,-0.02292000502347946,0.9873690009117126,0.15677198767662048,0,-0.027339013293385506,-0.15737298130989075,0.9871609807014465,0,0,0.011083999648690224,-0.00003600000127335079,1,0.9984999895095825,-0.0032699909061193466,0.05465003103017807,0,-0.012909015640616417,0.9560030102729797,0.29307296872138977,0,-0.05320402607321739,-0.29333898425102234,0.9545270204544067,0,0,0.012931999750435352,0,1,0.9985489845275879,-0.004251991398632526,0.05367603152990341,0,-0.011694015935063362,0.9559590220451355,0.2932659685611725,0,-0.0525590255856514,-0.29346898198127747,0.9545230269432068,0,0,0.014778999611735344,0,1,0.9989619851112366,-0.03139800950884819,-0.03300216794013977,0,0.028359998017549515,0.9956459999084473,-0.08879999816417694,0,0.035646166652441025,0.08777198940515518,0.9955030083656311,0,0,0.016627000644803047,0,1,0.9894488453865051,-0.04492860659956932,-0.13774371147155762,0,-0.03578085079789162,0.8454850316047668,-0.5327989459037781,0,0.14039792120456696,0.5321058630943298,0.8349558711051941,0,0,0.009270000271499157,-0.00008800000068731606,1,-0.04872898757457733,0.013093000277876854,-0.9987260103225708,0,0.8847519755363464,-0.4634529948234558,-0.0492439940571785,0,-0.4635080099105835,-0.8860250115394592,0.010999994352459908,0,0.0057299998588860035,0.014665000140666962,-0.000028000000384054147,1,0.8091490268707275,0.5748119950294495,0.12193500995635986,0,-0.553758978843689,0.6765379905700684,0.48543503880500793,0,0.19654101133346558,-0.46031200885772705,0.8657280206680298,0,0,0.012098000384867191,0,1,0.4002950191497803,0.9163600206375122,0.006977999582886696,0,-0.9163709878921509,0.40023303031921387,0.008797000162303448,0,0.005267999600619078,-0.009914999827742577,0.9999369978904724,0,0,0.027411000803112984,0,1,0.826662003993988,-0.012216002680361271,-0.5625659823417664,0,-0.23720698058605194,0.899025022983551,-0.36808496713638306,0,0.5102570056915283,0.4377259612083435,0.740293025970459,0,0,0.029593000188469887,0,1,0.7783849835395813,0.591513991355896,-0.21030500531196594,0,-0.5642340183258057,0.8060349822044373,0.178740993142128,0,0.2752409875392914,-0.020468000322580338,0.9611570239067078,0,-0.0045900000259280205,0.0013510000426322222,0,1,0.986204981803894,-0.1325799971818924,0.0991080030798912,0,0.11200600117444992,0.9753360152244568,0.1901939958333969,0,-0.12187899649143219,-0.17646999657154083,0.97673100233078,0,-0.0007719999994151294,0.003748999908566475,0,1,0.9460200071334839,-0.32043400406837463,0.04866199940443039,0,0.31896600127220154,0.9470959901809692,0.0356220006942749,0,-0.05750200152397156,-0.018177999183535576,0.9981799721717834,0,0.000678999989759177,0.005007000174373388,0,1,0.9970859885215759,0.07450299710035324,0.01640399917960167,0,-0.07510299980640411,0.9208940267562866,0.3825089931488037,0,0.013391000218689442,-0.382627010345459,0.9238060116767883,0,0,0.004315999802201986,0.00010699999984353781,1,0.9999979734420776,0.0018309999722987413,-0.000048000001697801054,0,-0.0016629999736323953,0.9189810156822205,0.3942990005016327,0,0.0007660000119358301,-0.3942990005016327,0.9189820289611816,0,0.00016399999731220305,0.007973999716341496,0,1,0.9981520175933838,0.06075900048017502,0.0005610000225715339,0,-0.05962799862027168,0.9777169823646545,0.20128099620342255,0,0.011680999770760536,-0.2009429931640625,0.9795330166816711,0,-0.00015900000289548188,0.006316999904811382,0,1,0.09925900399684906,-0.03164800629019737,0.9945579767227173,0,-0.8796470165252686,-0.47001802921295166,0.07283399999141693,0,0.4651550352573395,-0.8820890188217163,-0.07449301332235336,0,-0.0057299998588860035,0.014665000140666962,0.000014999999621068127,1,0.7449769973754883,-0.5524320006370544,-0.3739360570907593,0,0.6615260243415833,0.5395328998565674,0.5208530426025391,0,-0.08598503470420837,-0.6353920698165894,0.7673869132995605,0,0,0.012098000384867191,0,1,0.10882600396871567,-0.9940429925918579,-0.006006999872624874,0,0.9940509796142578,0.10879600793123245,0.005040000192821026,0,-0.004356999881565571,-0.006519999820739031,0.9999690055847168,0,0,0.0274059996008873,0,1,0.8099319934844971,0.002089998684823513,0.5865200161933899,0,0.07542800903320312,0.9913190007209778,-0.10769099742174149,0,-0.5816529989242554,0.1314619928598404,0.8027439713478088,0,0,0.02959199994802475,0,1,0.8288580179214478,-0.5184710025787354,0.21019400656223297,0,0.4876269996166229,0.8536859750747681,0.18286700546741486,0,-0.27425000071525574,-0.04907499998807907,0.9604049921035767,0,0.004745999816805124,0.0019940000493079424,0,1,0.9802179932594299,0.18057000637054443,-0.08104400336742401,0,-0.16202600300312042,0.9672489762306213,0.19538800418376923,0,0.11367099732160568,-0.17839199304580688,0.9773719906806946,0,0.0011919999960809946,0.003942000214010477,0,1,0.9879339933395386,-0.10999199748039246,-0.10903800278902054,0,0.1084270030260086,0.9938989877700806,-0.020194999873638153,0,0.1105939969420433,0.00812899973243475,0.993831992149353,0,-0.00005500000042957254,0.004730000160634518,0,1,0.9980859756469727,-0.05912499874830246,-0.018130000680685043,0,0.061546001583337784,0.9210119843482971,0.38464200496673584,0,-0.0060430001467466354,-0.38502201437950134,0.9228879809379578,0,0,0.004207000136375427,0.0000870000003487803,1,0.9998900294303894,0.014487000182271004,0.0032110000029206276,0,-0.014573000371456146,0.9180189967155457,0.3962689936161041,0,0.00279300007969141,-0.3962720036506653,0.918129026889801,0,-0.00018200000340584666,0.00800199992954731,0,1,0.998649001121521,-0.05194700136780739,0.0014509999891743064,0,0.050579000264406204,0.9780089855194092,0.20233500003814697,0,-0.01193000003695488,-0.20198899507522583,0.9793149828910828,0,0.00019999999494757503,0.006426000036299229,0,1,-0.9176459908485413,-0.21408599615097046,0.33480191230773926,0,0.3919409513473511,-0.626708984375,0.6735120415687561,0,0.06563494354486465,0.7492679953575134,0.6590059995651245,0,0.009217999875545502,-0.006147999782115221,0.0003760000108741224,1,0.9993489980697632,-0.007606936153024435,0.03525903820991516,0,0.032347988337278366,0.6214920878410339,-0.7827519178390503,0,-0.01595907472074032,0.7833839654922485,0.6213340759277344,0,0,0.0336339995265007,0,1,0.9447759985923767,-0.22357703745365143,0.2396080046892166,0,-0.10107696056365967,0.49670201539993286,0.8620160222053528,0,-0.31174004077911377,-0.8386300206184387,0.44667401909828186,0,0,0.02593100070953369,0,1,0.9895009994506836,-0.000004999979864805937,-0.14452700316905975,0,0.09120699763298035,0.7757449746131897,0.6244210004806519,0,0.11211299896240234,-0.6310470104217529,0.7676010131835938,0,0,0.019648000597953796,0,1,-0.8920189142227173,0.18278099596500397,-0.4133930802345276,0,-0.3961670696735382,-0.7564830183982849,0.5203700065612793,0,-0.21761105954647064,0.6279529929161072,0.7472089529037476,0,-0.009217999875545502,-0.006147999782115221,0.000391999987186864,1,0.9923679828643799,0.00910008791834116,-0.12297804653644562,0,-0.1066930890083313,0.5633950233459473,-0.8192690014839172,0,0.061829954385757446,0.8261370062828064,0.5600659847259521,0,0,0.03362699970602989,0,1,0.9408180117607117,0.2814319431781769,-0.18883401155471802,0,0.09468403458595276,0.3167269825935364,0.9437789916992188,0,0.32541894912719727,-0.9058030247688293,0.2713349759578705,0,0,0.02593499980866909,0,1,0.9900540113449097,0,0.1406860053539276,0,-0.08790899813175201,0.7807379961013794,0.6186439990997314,0,-0.10983899980783463,-0.624858021736145,0.7729730010032654,0,0,0.019809000194072723,0,1
K0.067,0.9799270033836365,-0.04089101776480675,0.19511902332305908,0,0.005808026529848576,0.9841790199279785,0.17708393931388855,0,-0.1992730349302292,-0.17239594459533691,0.9646610021591187,0,-0.00007799895684001967,0.06917600333690643,-0.001139000989496708,1,0.9993129968643188,0.01869799569249153,0.03200898692011833,0,-0.02345699444413185,0.9875699877738953,0.15542101860046387,0,-0.028705986216664314,-0.15606501698493958,0.9873300194740295,0,0,0.011083999648690224,-0.00003600000127335079,1,0.9983360171318054,-0.0023570090997964144,0.05761796981096268,0,-0.014506984502077103,0.9567660093307495,0.2904980182647705,0,-0.05581197515130043,-0.29085004329681396,0.9551389813423157,0,0,0.012931999750435352,0,1,0.9983869791030884,-0.0033990084193646908,0.05668096989393234,0,-0.013246984221041203,0.9567220211029053,0.2907010316848755,0,-0.055215973407030106,-0.29098302125930786,0.9551330208778381,0,0,0.014778999611735344,0,1,0.99822598695755,-0.03268098831176758,-0.04976983368396759,0,0.02816600166261196,0.9956449866294861,-0.08886799961328506,0,0.05245683342218399,0.08730901032686234,0.994799017906189,0,0,0.016627000644803047,0,1,0.9722991585731506,-0.10568339377641678,-0.20848329365253448,0,-0.020956147462129593,0.8489399552345276,-0.5280730724334717,0,0.23279806971549988,0.5178140997886658,0.8232091069221497,0,0,0.009270000271499157,-0.00008800000068731606,1,-0.04770701006054878,0.01309600006788969,-0.9987760186195374,0,0.8854830265045166,-0.4621489942073822,-0.04835500568151474,0,-0.46221598982810974,-0.8867059946060181,0.010451005771756172,0,0.0057299998588860035,0.014665000140666962,-0.000028000000384054147,1,0.8080340027809143,0.576170027256012,0.12291698902845383,0,-0.5549839735031128,0.6744379997253418,0.4869549572467804,0,0.19766898453235626,-0.46169400215148926,0.8647350072860718,0,0,0.012098000384867191,0,1,0.40414196252822876,0.9146699905395508,0.00694000069051981,0,-0.9146810173988342,0.40407997369766235,0.008779999800026417,0,0.005226000677794218,-0.009897000156342983,0.9999369978904724,0,0,0.027411000803112984,0,1,0.8262360095977783,-0.012483997270464897,-0.5631849765777588,0,-0.23628202080726624,0.899878978729248,-0.3665910065174103,0,0.5113750100135803,0.4359610378742218,0.7405629754066467,0,0,0.029593000188469887,0,1,0.7783839702606201,0.5915150046348572,-0.21030500531196594,0,-0.5642340183258057,0.8060340285301208,0.178740993142128,0,0.2752409875392914,-0.020468000322580338,0.9611570239067078,0,-0.0045900000259280205,0.0013510000426322222,0,1,0.986204981803894,-0.13258099555969238,0.0991080030798912,0,0.11200600117444992,0.9753360152244568,0.1901939958333969,0,-0.12187899649143219,-0.17646999657154083,0.97673100233078,0,-0.0007719999994151294,0.003748999908566475,0,1,0.9460200071334839,-0.32043400406837463,0.04866199940443039,0,0.31896600127220154,0.9470970034599304,0.0356220006942749,0,-0.05750200152397156,-0.018177999183535576,0.9981799721717834,0,0.000678999989759177,0.005007000174373388,0,1,0.9970859885215759,0.07450299710035324,0.016404999420046806,0,-0.07510299980640411,0.9208940267562866,0.3825089931488037,0,0.013391000218689442,-0.382627010345459,0.9238060116767883,0,0,0.004315999802201986,0.00010699999984353781,1,0.9999979734420776,0.001829999964684248,-0.000048000001697801054,0,-0.0016629999736323953,0.9189810156822205,0.3942990005016327,0,0.0007660000119358301,-0.3942979872226715,0.9189820289611816,0,0.00016399999731220305,0.007973999716341496,0,1,0.9981520175933838,0.06075900048017502,0.0005610000225715339,0,-0.05962799862027168,0.9777169823646545,0.20128099620342255,0,0.011680999770760536,-0.2009429931640625,0.9795330166816711,0,-0.00015900000289548188,0.006316999904811382,0,1,0.09995198994874954,-0.032562993466854095,0.9944589734077454,0,-0.8784899711608887,-0.4721759557723999,0.07283499836921692,0,0.4671879708766937,-0.8809030055999756,-0.07580198347568512,0,-0.0057299998588860035,0.014665000140666962,0.000014999999621068127,1,0.7424749732017517,-0.5521770119667053,-0.3792519271373749,0,0.6638219952583313,0.5305620431900024,0.5271099209785461,0,-0.08984096348285675,-0.6431219577789307,0.7604760527610779,0,0,0.012098000384867191,0,1,0.1094449907541275,-0.9939749836921692,-0.006004000082612038,0,0.9939829707145691,0.10941599309444427,0.005040000192821026,0,-0.004352000076323748,-0.006519000045955181,0.9999690055847168,0,0,0.0274059996008873,0,1,0.8081300258636475,0.00195900141261518,0.5890009999275208,0,0.07597899436950684,0.9912930130958557,-0.10754399746656418,0,-0.5840830206871033,0.13166099786758423,0.800944983959198,0,0,0.02959199994802475,0,1,0.8288589715957642,-0.5184710025787354,0.2101929932832718,0,0.4876269996166229,0.8536859750747681,0.18286700546741486,0,-0.27425000071525574,-0.04907499998807907,0.9604049921035767,0,0.004745999816805124,0.0019940000493079424,0,1,0.9802179932594299,0.18057000637054443,-0.08104299753904343,0,-0.1620270013809204,0.9672489762306213,0.19538800418376923,0,0.11367099732160568,-0.17839199304580688,0.9773719906806946,0,0.0011919999960809946,0.003942000214010477,0,1,0.9879339933395386,-0.10999199748039246,-0.10903699696063995,0,0.1084270030260086,0.9938989877700806,-0.02019600011408329,0,0.11059299856424332,0.00812899973243475,0.993831992149353,0,-0.00005500000042957254,0.004730000160634518,0,1,0.9980859756469727,-0.05912400037050247,-0.01813100092113018,0,0.061546001583337784,0.9210119843482971,0.38464200496673584,0,-0.0060430001467466354,-0.38502201437950134,0.9228879809379578,0,0,0.004207000136375427,0.0000870000003487803,1,0.9998900294303894,0.014487000182271004,0.0032110000029206276,0,-0.014573000371456146,0.9180189967155457,0.3962689936161041,0,0.00279300007969141,-0.3962720036506653,0.918129026889801,0,-0.00018200000340584666,0.00800199992954731,0,1,0.998649001121521,-0.05194700136780739,0.0014509999891743064,0,0.05057999864220619,0.9780089855194092,0.20233599841594696,0,-0.01193000003695488,-0.20198899507522583,0.9793149828910828,0,0.00019999999494757503,0.006426000036299229,0,1,-0.9202759861946106,-0.21434299647808075,0.32733607292175293,0,0.38667306303977966,-0.6260820031166077,0.677130937576294,0,0.05980005860328674,0.7497190237045288,0.6590489745140076,0,0.009217999875545502,-0.006147999782115221,0.0003760000108741224,1,0.9992449879646301,-0.0012540630996227264,0.038820963352918625,0,0.03104701265692711,0.6263689398765564,-0.7789080739021301,0,-0.023339927196502686,0.7795260548591614,0.6259349584579468,0,0,0.0336339995265007,0,1,0.9438509941101074,-0.2277759611606598,0.2392989993095398,0,-0.09761703759431839,0.4997119605541229,0.8606730103492737,0,-0.31562095880508423,-0.8357070088386536,0.44941896200180054,0,0,0.02593100070953369,0,1,0.9894840121269226,-0.0000030000198876223294,-0.1446409970521927,0,0.091218002140522,0.7760769724845886,0.6240059733390808,0,0.11225099861621857,-0.6306380033493042,0.7679160237312317,0,0,0.019648000597953796,0,1,-0.8878050446510315,0.18323299288749695,-0.4221709072589874,0,-0.40248093008995056,-0.7539849877357483,0.5191479921340942,0,-0.2231859415769577,0.6308180093765259,0.7431400418281555,0,-0.009217999875545502,-0.006147999782115221,0.000391999987186864,1,0.9916390180587769,0.017821911722421646,-0.12780795991420746,0,-0.11553791165351868,0.5637400150299072,-0.8178309798240662,0,0.05747504532337189,0.825760006904602,0.5610859990119934,0,0,0.03362699970602989,0,1,0.9425849914550781,0.2748240530490875,-0.18974798917770386,0,0.09832296520471573,0.3146190345287323,0.9441120028495789,0,0.319163054227829,-0.9085630178451538,0.26953402161598206,0,0,0.02593499980866909,0,1,0.9900540113449097,0,0.1406870037317276,0,-0.08790899813175201,0.7807390093803406,0.6186429858207703,0,-0.10983899980783463,-0.624858021736145,0.7729740142822266,0,0,0.019809000194072723,0,1
