0.800,30,24,41
B0,mixamorig_Hips,-1,0.9869831204414368,0.07749735563993454,0.1408812403678894,0,-0.09132760018110275,0.9912324547767639,0.09443343430757523,0,-0.13237066566944122,-0.106070876121521,0.9854117035865784,0,0.0010578574147075415,0.06912243366241455,0.00022370574879460037,1
B1,mixamorig_Spine,0,0.9800254702568054,0.016739385202527046,-0.19553126394748688,0,0.07778442651033401,0.8801568150520325,0.46652883291244507,0,0.18084001541137695,-0.47311627864837646,0.8617870211601257,0,0,0.011083999648690224,-0.00003600000127335079,1
B2,mixamorig_Spine1,1,0.9988778233528137,-0.02219018153846264,-0.04102461785078049,0,0.02565884217619896,0.9959241151809692,0.08623647689819336,0,0.0389532707631588,-0.08722877502441406,0.9954109191894531,0,0,0.012931999750435352,0,1
B3,mixamorig_Spine2,2,0.9988799691200256,-0.023658720776438713,-0.04021761566400528,0,0.027083106338977814,0.995820939540863,0.08701057732105255,0,0.03799953684210777,-0.08803572505712509,0.9953781366348267,0,0,0.014778999611735344,0,1
B4,mixamorig_Neck,3,0.9954885840415955,-0.0939527153968811,-0.011036118492484093,0,0.09356054663658142,0.9950789213180542,-0.03195057809352875,0,0.013987157493829727,0.03079618699848652,0.9994226694107056,0,0,0.016627000644803047,0,1
B5,mixamorig_Head,4,0.9973484873771667,-0.04955587536096573,-0.033239684998989105,0,0.022242359817028046,0.8296043872833252,-0.5572816729545593,0,0.055483825504779816,0.5546879172325134,0.8294140696525574,0,0,0.009270000271499157,-0.00008800000068731606,1
B6,mixamorig_HeadTop_End,5,1,0,0,0,0,1,0,0,0,0,1,0,0,0.06014399975538254,-0.0005729999975301325,1
B7,mixamorig_LeftShoulder,3,0.06118306145071983,0.05342378467321396,-0.9966927170753479,0,0.9391396641731262,-0.34113627672195435,0.03938837721943855,0,-0.33790573477745056,-0.9384423494338989,-0.07105216383934021,0,0.0057299998588860035,0.014665000140666962,-0.000028000000384054147,1
B8,mixamorig_LeftArm,7,0.9942693114280701,0.0895787850022316,-0.05789501965045929,0,-0.06404349207878113,0.93541419506073,0.3476366698741913,0,0.08531844615936279,-0.34196987748146057,0.9358192086219788,0,0,0.012098000384867191,0,1
B9,mixamorig_LeftForeArm,8,0.7740346789360046,0.6330710649490356,0.003389161080121994,0,-0.6330790519714355,0.7740122675895691,0.0060760146006941795,0,0.0012239088537171483,-0.006848994176834822,0.9999755620956421,0,0,0.027411000803112984,0,1
B10,mixamorig_LeftHand,9,0.9579684138298035,0.2306271344423294,0.16999521851539612,0,-0.23260831832885742,0.9725040793418884,-0.00791287049651146,0,-0.16713638603687286,-0.03191955387592316,0.9852844476699829,0,0,0.029593000188469887,0,1
B11,mixamorig_LeftHandThumb1,10,0.919448971748352,0.3344630002975464,-0.20675499737262726,0,-0.27008000016212463,0.9193379878997803,0.2861360013484955,0,0.28577959537506104,-0.20724700391292572,0.9356170296669006,0,-0.0045900000259280205,0.0013510000426322222,0,1
B12,mixamorig_LeftHandThumb2,11,0.9284080266952515,0.37108200788497925,-0.018873000517487526,0,-0.36789101362228394,0.9251739978790283,0.09332600235939026,0,0.05209200084209442,-0.0797009989619255,0.9954569935798645,0,-0.0007719999994151294,0.003748999908566475,0,1
B13,mixamorig_LeftHandThumb3,12,0.7087365984916687,-0.697180986404419,0.10784699767827988,0,0.6404979825019836,0.6999800205230713,0.31589600443840027,0,-0.29572799801826477,-0.15481099486351013,0.9426444172859192,0,0.000678999989759177,0.005007000174373388,0,1
B14,mixamorig_LeftHandThumb4,13,1,0,0,0,0,1,0,0,0,0,1,0,0.00009300000237999484,0.0039969999343156815,0,1
B15,mixamorig_LeftHandIndex1,10,0.9571599960327148,0.21122857928276062,0.19805699586868286,0,-0.24556300044059753,0.9545940160751343,0.1686680018901825,0,-0.15343600511550903,-0.21007800102233887,0.9655699729919434,0,0,0.004315999802201986,0.00010699999984353781,1
B16,mixamorig_LeftHandIndex2,15,0.9999290108680725,-0.011137000285089016,0.0041680000722408295,0,0.00898400042206049,0.9371434450149536,0.34882858395576477,0,-0.007790999952703714,-0.34876659512519836,0.9371770024299622,0,0.00016399999731220305,0.007973999716341496,0,1
B17,mixamorig_LeftHandIndex3,16,0.9928820133209229,0.11495000123977661,0.031177999451756477,0,-0.10805840790271759,0.7593100070953369,0.6416944265365601,0,0.05008900165557861,-0.640496015548706,0.7663260102272034,0,-0.00015900000289548188,0.006316999904811382,0,1
B18,mixamorig_LeftHandIndex4,17,1,0,0,0,0,1,0,0,0,0,1,0,-0.000004999999873689376,0.005096999928355217,0,1
B19,mixamorig_RightShoulder,3,-0.04937366396188736,-0.005273924209177494,0.9987043738365173,0,-0.9452586770057678,-0.3225471079349518,-0.04841363802552223,0,0.3223608136177063,-0.9465290307998657,0.010973992757499218,0,-0.0057299998588860035,0.014665000140666962,0.000014999999621068127,1
B20,mixamorig_RightArm,19,0.540743350982666,-0.5818553566932678,-0.6062812209129333,0,0.7624335289001465,0.642653226852417,0.06309589743614197,0,0.3539297878742218,-0.4973081648349762,0.7918997406959534,0,0,0.012098000384867191,0,1
B21,mixamorig_RightForeArm,20,0.808983325958252,-0.58781898021698,-0.0024563900660723448,0,0.5878245830535889,0.8089777231216431,0.0029798534233123064,0,0.0002355572214582935,-0.003854727139696479,0.9999926090240479,0,0,0.0274059996008873,0,1
B22,mixamorig_RightHand,21,0.7547845244407654,-0.38554519414901733,-0.5282573103904724,0,0.4011349380016327,0.9112811088562012,-0.09014415740966797,0,0.5161614418029785,-0.14455272257328033,0.8425401449203491,0,0,0.02959199994802475,0,1
B23,mixamorig_RightHandThumb1,22,0.8222690224647522,-0.5337039828300476,0.19756799936294556,0,0.5592795610427856,0.822035014629364,-0.10707700252532959,0,-0.10525999963283539,0.19854199886322021,0.9744240045547485,0,0.004745999816805124,0.0019940000493079424,0,1
B24,mixamorig_RightHandThumb2,23,0.8863319754600525,0.46005600690841675,-0.0525749996304512,0,-0.4415760040283203,0.8739370107650757,0.2030894160270691,0,0.13937999308109283,-0.15678900480270386,0.9777479767799377,0,0.0011919999960809946,0.003942000214010477,0,1
B25,mixamorig_RightHandThumb3,24,0.7542240023612976,-0.6565300226211548,0.010696000419557095,0,0.6495770215988159,0.7436590194702148,-0.15817800164222717,0,0.09589459002017975,0.1262499988079071,0.9873530268669128,0,-0.00005500000042957254,0.004730000160634518,0,1
B26,mixamorig_RightHandThumb4,25,1,0,0,0,0,1,0,0,0,0,1,0,-0.00113800005055964,0.003444999922066927,0,1
B27,mixamorig_RightHandIndex1,22,0.9929909706115723,0.11811099946498871,0.004265000112354755,0,-0.1108120009303093,0.9429600238800049,-0.3139210045337677,0,-0.041099000722169876,0.3112480044364929,0.9494400024414062,0,0,0.004207000136375427,0.0000870000003487803,1
B28,mixamorig_RightHandIndex2,27,0.9998729825019836,-0.012260000221431255,-0.010181000456213951,0,0.015876000747084618,0.7108370065689087,0.7031769752502441,0,-0.0013834105338901281,-0.703249990940094,0.7109419703483582,0,-0.00018200000340584666,0.00800199992954731,0,1
B29,mixamorig_RightHandIndex3,28,0.9990339875221252,-0.043949998915195465,-0.0005344105302356184,0,0.04357500001788139,0.9887679815292358,0.1429685801267624,0,-0.005754999816417694,-0.14285358786582947,0.9897270202636719,0,0.00019999999494757503,0.006426000036299229,0,1
B30,mixamorig_RightHandIndex4,29,1,0,0,0,0,1,0,0,0,0,1,0,-0.000018000000636675395,0.005113999824970961,0,1
B31,mixamorig_LeftUpLeg,0,-0.9830066561698914,-0.07458175718784332,0.16765117645263672,0,0.17876572906970978,-0.5952545404434204,0.7833752036094666,0,0.041386283934116364,0.800058126449585,0.5984851717948914,0,0.009217999875545502,-0.006147999782115221,0.0003760000108741224,1
B32,mixamorig_LeftLeg,31,0.9858139157295227,-0.022739194333553314,0.16520242393016815,0,0.12481895089149475,0.7599154710769653,-0.63238924741745,0,-0.11208687722682953,0.6440066695213318,0.7520203590393066,0,0,0.0336339995265007,0,1
B33,mixamorig_LeftFoot,32,0.9249591827392578,-0.15673060715198517,0.34582602977752686,0,-0.3106173574924469,0.2123154103755951,0.9264469742774963,0,-0.2186005562543869,-0.9643569588661194,0.14767950773239136,0,0,0.02593100070953369,0,1
B34,mixamorig_LeftToeBase,33,0.989105761051178,0.00003830500281765126,-0.14720571041107178,0,0.09144184738397598,0.7835003137588501,0.6146231889724731,0,0.11535952240228653,-0.6213882565498352,0.7749616503715515,0,0,0.019648000597953796,0,1
B35,mixamorig_LeftToe_End,34,1,0,0,0,0,1,0,0,0,0,1,0,0,0.007304999977350235,0,1
B36,mixamorig_RightUpLeg,0,-0.9057720899581909,0.3630230724811554,-0.2180458903312683,0,-0.3920101821422577,-0.9134410619735718,0.1056092381477356,0,-0.16087013483047485,0.18112990260124207,0.9696738719940186,0,-0.009217999875545502,-0.006147999782115221,0.000391999987186864,1
B37,mixamorig_RightLeg,36,0.9916186928749084,0.05225694924592972,0.11577275395393372,0,0.08470211178064346,0.41107842326164246,-0.9073981046676636,0,-0.09521768242120743,0.9095863699913025,0.4034065306186676,0,0,0.03362699970602989,0,1
B38,mixamorig_RightFoot,37,0.9469269514083862,0.27424103021621704,-0.1664159893989563,0,0.0962875708937645,0.25333350896835327,0.9578273296356201,0,0.3063388168811798,-0.9227854013442993,0.21348987519741058,0,0,0.02593499980866909,0,1
B39,mixamorig_RightToeBase,38,0.9978430867195129,0.06143822893500328,0.005720590706914663,0,-0.017935918644070625,0.2236906886100769,0.9721032381057739,0,0.057886358350515366,-0.9702500104904175,0.22415386140346527,0,0,0.019809000194072723,0,1
B40,mixamorig_RightToe_End,39,1,0,0,0,0,1,0,0,0,0,1,0,0,0.007304999977350235,0,1
@34,0,1,2,3,4,5,7,8,9,10,11,12,13,15,16,17,19,20,21,22,23,24,25,27,28,29,31,32,33,34,36,37,38,39
K0.000,0.9990460276603699,0.027543000876903534,0.033897001296281815,0,-0.025882000103592873,0.9984880089759827,-0.048503998667001724,0,-0.03518199920654297,0.04758000001311302,0.9982479810714722,0,0.00024399999529123306,0.06634700298309326,-0.0005799999926239252,1,0.9869700074195862,0.14354699850082397,0.07269500195980072,0,-0.15638700127601624,0.7494800090789795,0.6432909965515137,0,0.0378590002655983,-0.6462770104408264,0.762162983417511,0,0,0.011083999648690224,-0.00003600000127335079,1,0.9989749789237976,0.03784700110554695,0.024821000173687935,0,-0.04065399989485741,0.991379976272583,0.12454800307750702,0,-0.01989400014281273,-0.12542900443077087,0.9919030070304871,0,0,0.012931999750435352,0,1,0.9991469979286194,0.034961998462677,0.021997999399900436,0,-0.03745400160551071,0.9913780093193054,0.12556399405002594,0,-0.01741800084710121,-0.1262809932231903,0.9918419718742371,0,0,0.014778999611735344,0,1,0.998134970664978,-0.04037100076675415,-0.04580000042915344,0,0.035698000341653824,0.9944850206375122,-0.09861599653959274,0,0.04952799901366234,0.09679699689149857,0.9940710067749023,0,0,0.016627000644803047,0,1,0.9503750205039978,-0.24854299426078796,-0.18711699545383453,0,0.08793699741363525,0.7915430068969727,-0.6047530174255371,0,0.29841798543930054,0.5582879781723022,0.7741199731826782,0,0,0.009270000271499157,-0.00008800000068731606,1,-0.008817000314593315,0.029379000887274742,-0.9995290040969849,0,0.8986690044403076,-0.43813300132751465,-0.020805999636650085,0,-0.4385380148887634,-0.8984299898147583,-0.02253899909555912,0,0.0057299998588860035,0.014665000140666962,-0.000028000000384054147,1,0.8665379881858826,0.4859980046749115,0.11365599930286407,0,-0.49904999136924744,0.8472369909286499,0.18204200267791748,0,-0.007822000421583652,-0.21446600556373596,0.9767000079154968,0,0,0.012098000384867191,0,1,0.8672080039978027,0.49793899059295654,0.0024949999060481787,0,-0.49794501066207886,0.8671950101852417,0.004778999835252762,0,0.00021600000036414713,-0.005386999808251858,0.9999849796295166,0,0,0.027411000803112984,0,1,0.7176139950752258,0.31794700026512146,0.6196290254592896,0,-0.24917499721050262,0.9480270147323608,-0.19787800312042236,0,-0.6503400206565857,-0.012396999634802341,0.7595419883728027,0,0,0.029593000188469887,0,1,0.919448971748352,0.3344630002975464,-0.20675399899482727,0,-0.27008000016212463,0.9193379878997803,0.2861360013484955,0,0.2857789993286133,-0.20724700391292572,0.9356170296669006,0,-0.0045900000259280205,0.0013510000426322222,0,1,0.9284080266952515,0.37108099460601807,-0.018873000517487526,0,-0.36789101362228394,0.9251739978790283,0.09332499653100967,0,0.05209200084209442,-0.0797009989619255,0.9954569935798645,0,-0.0007719999994151294,0.003748999908566475,0,1,0.708736002445221,-0.697180986404419,0.10784699767827988,0,0.6404979825019836,0.6999800205230713,0.31589600443840027,0,-0.29572799801826477,-0.15481099486351013,0.9426440000534058,0,0.000678999989759177,0.005007000174373388,0,1,0.9571599960327148,0.21122799813747406,0.19805699586868286,0,-0.24556300044059753,0.9545940160751343,0.1686670035123825,0,-0.15343700349330902,-0.21007700264453888,0.9655699729919434,0,0,0.004315999802201986,0.00010699999984353781,1,0.9999290108680725,-0.011137000285089016,0.0041680000722408295,0,0.00898400042206049,0.9371430277824402,0.3488290011882782,0,-0.007790999952703714,-0.3487659990787506,0.9371770024299622,0,0.00016399999731220305,0.007973999716341496,0,1,0.9928820133209229,0.11495000123977661,0.031177999451756477,0,-0.10805899649858475,0.7593100070953369,0.6416950225830078,0,0.05008900165557861,-0.640496015548706,0.7663260102272034,0,-0.00015900000289548188,0.006316999904811382,0,1,-0.011761000379920006,-0.015345999971032143,0.9998130202293396,0,-0.911037027835846,-0.4119719862937927,-0.01703999936580658,0,0.41215598583221436,-0.911067008972168,-0.009135999716818333,0,-0.0057299998588860035,0.014665000140666962,0.000014999999621068127,1,0.4404410123825073,-0.5909690260887146,-0.6758459806442261,0,0.818996012210846,0.5728610157966614,0.03281199932098389,0,0.36777499318122864,-0.5679659843444824,0.7363119721412659,0,0,0.012098000384867191,0,1,0.8527650237083435,-0.5222899913787842,-0.002234000014141202,0,0.5222939848899841,0.8527609705924988,0.002647999906912446,0,0.000522000016644597,-0.003425000002607703,0.9999939799308777,0,0,0.0274059996008873,0,1,0.7956299781799316,-0.37587499618530273,-0.47506898641586304,0,0.39687401056289673,0.915910005569458,-0.05999699980020523,0,0.45767199993133545,-0.14080700278282166,0.877901017665863,0,0,0.02959199994802475,0,1,0.8222690224647522,-0.5337039828300476,0.19756799936294556,0,0.5592790246009827,0.822035014629364,-0.10707700252532959,0,-0.10525999963283539,0.19854199886322021,0.9744240045547485,0,0.004745999816805124,0.0019940000493079424,0,1,0.8863319754600525,0.46005600690841675,-0.052574001252651215,0,-0.4415760040283203,0.8739370107650757,0.20308899879455566,0,0.13937899470329285,-0.15678900480270386,0.9777479767799377,0,0.0011919999960809946,0.003942000214010477,0,1,0.7542240023612976,-0.6565300226211548,0.010696000419557095,0,0.6495770215988159,0.7436590194702148,-0.15817800164222717,0,0.09589499980211258,0.1262499988079071,0.9873530268669128,0,-0.00005500000042957254,0.004730000160634518,0,1,0.9929909706115723,0.11811099946498871,0.004265000112354755,0,-0.1108120009303093,0.9429600238800049,-0.3139210045337677,0,-0.041099999099969864,0.3112480044364929,0.9494400024414062,0,0,0.004207000136375427,0.0000870000003487803,1,0.9998729825019836,-0.012260000221431255,-0.010181000456213951,0,0.015876000747084618,0.7108370065689087,0.7031769752502441,0,-0.001383999944664538,-0.703249990940094,0.7109419703483582,0,-0.00018200000340584666,0.00800199992954731,0,1,0.9990339875221252,-0.043949998915195465,-0.0005339999916031957,0,0.043574001640081406,0.9887679815292358,0.14296799898147583,0,-0.005754999816417694,-0.1428540050983429,0.9897270202636719,0,0.00019999999494757503,0.006426000036299229,0,1,-0.9829379916191101,-0.08585699647665024,0.16267099976539612,0,0.16960899531841278,-0.7652850151062012,0.6209440231323242,0,0.07117699831724167,0.637939989566803,0.766789972782135,0,0.009217999875545502,-0.006147999782115221,0.0003760000108741224,1,0.9939200282096863,0.09475599974393845,0.05607600137591362,0,0.0625310018658638,-0.06657800078392029,-0.9958199858665466,0,-0.09062600135803223,0.9932720065116882,-0.0720990002155304,0,0,0.0336339995265007,0,1,0.9609140157699585,0.05017799884080887,0.27226001024246216,0,-0.27495500445365906,0.28771600127220154,0.9173979759216309,0,-0.032301001250743866,-0.9563999772071838,0.2902669906616211,0,0,0.02593100070953369,0,1,0.9859669804573059,-0.15845100581645966,0.05256099998950958,0,0.0674929991364479,0.6663150191307068,0.7426090240478516,0,-0.15268899500370026,-0.7286409735679626,0.6676589846611023,0,0,0.019648000597953796,0,1,-0.9449660181999207,0.19142399728298187,-0.2653230130672455,0,-0.3003680109977722,-0.8290590047836304,0.47163501381874084,0,-0.12968599796295166,0.5253739953041077,0.8409299850463867,0,-0.009217999875545502,-0.006147999782115221,0.000391999987186864,1,0.9930139780044556,0.11736299842596054,0.01219599973410368,0,-0.01679999940097332,0.24293099343776703,-0.969897985458374,0,-0.11679299920797348,0.9629179835319519,0.2432059943675995,0,0,0.03362699970602989,0,1,0.9643719792366028,0.19672200083732605,-0.17688100039958954,0,0.17745399475097656,0.014856000430881977,0.984017014503479,0,0.1962060034275055,-0.9803469777107239,-0.020583000034093857,0,0,0.02593499980866909,0,1,0.99269700050354,0.0014540000120177865,0.12062299996614456,0,-0.08488400280475616,0.7189000248908997,0.6899110078811646,0,-0.0857120007276535,-0.6951119899749756,0.7137740254402161,0,0,0.019809000194072723,0,1
K0.033,0.9955069422721863,0.056466229259967804,0.07601234316825867,0,-0.054335255175828934,0.9980769753456116,-0.029818739742040634,0,-0.07755032926797867,0.025553693994879723,0.9966610074043274,0,0.000040000290027819574,0.06707600504159927,-0.0009340023971162736,1,0.9918889999389648,0.12693876028060913,0.006548344623297453,0,-0.10225843638181686,0.7663202285766602,0.6342687606811523,0,0.07549533247947693,-0.6297937035560608,0.7730851769447327,0,0,0.011083999648690224,-0.00003600000127335079,1,0.9996029734611511,0.02673785760998726,0.00885984767228365,0,-0.02757684327661991,0.9930440187454224,0.11446990072727203,0,-0.005737865809351206,-0.11466889828443527,0.99338698387146,0,0,0.012931999750435352,0,1,0.999688982963562,0.02403585985302925,0.00665185647085309,0,-0.02464284561574459,0.9930300116539001,0.11525890231132507,0,-0.003835874842479825,-0.11538689583539963,0.9933130145072937,0,0,0.014778999611735344,0,1,0.9979169964790344,-0.05229911208152771,-0.03776892274618149,0,0.04925112798810005,0.9957699775695801,-0.0775647908449173,0,0.04166591912508011,0.07554379105567932,0.9962720274925232,0,0,0.016627000644803047,0,1,0.9602901339530945,-0.237800732254982,-0.14592663943767548,0,0.10350300371646881,0.7893350124359131,-0.6051759123802185,0,0.25909656286239624,0.5660400390625,0.7826030850410461,0,0,0.009270000271499157,-0.00008800000068731606,1,0.02072020433843136,0.03336004912853241,-0.9992290139198303,0,0.9070611000061035,-0.4209727942943573,0.00475517800077796,0,-0.42048975825309753,-0.9064590930938721,-0.038982126861810684,0,0.0057299998588860035,0.014665000140666962,-0.000028000000384054147,1,0.9310183525085449,0.3593868315219879,0.06359750777482986,0,-0.36339375376701355,0.8966312408447266,0.2529745101928711,0,0.03389226645231247,-0.25863540172576904,0.9653798937797546,0,0,0.012098000384867191,0,1,0.8269896507263184,0.5622095465660095,0.002881003776565194,0,-0.5622165203094482,0.8269726634025574,0.005396005231887102,0,0.0006510041421279311,-0.006082005798816681,0.9999809861183167,0,0,0.027411000803112984,0,1,0.8038767576217651,0.2852056622505188,0.521956741809845,0,-0.23538492619991302,0.9584431052207947,-0.16118749976158142,0,-0.5462377071380615,0.006714003626257181,0.8376027345657349,0,0,0.029593000188469887,0,1,0.919448971748352,0.3344630002975464,-0.20675399899482727,0,-0.27008000016212463,0.9193379878997803,0.2861360013484955,0,0.2857789993286133,-0.20724700391292572,0.9356170296669006,0,-0.0045900000259280205,0.0013510000426322222,0,1,0.9284089803695679,0.37108099460601807,-0.018873000517487526,0,-0.36789101362228394,0.9251739978790283,0.09332600235939026,0,0.05209200084209442,-0.0797009989619255,0.9954569935798645,0,-0.0007719999994151294,0.003748999908566475,0,1,0.708736002445221,-0.697180986404419,0.10784699767827988,0,0.6404979825019836,0.6999800205230713,0.31589600443840027,0,-0.29572799801826477,-0.15481099486351013,0.9426440000534058,0,0.000678999989759177,0.005007000174373388,0,1,0.9571599960327148,0.21122799813747406,0.19805699586868286,0,-0.24556300044059753,0.9545940160751343,0.1686680018901825,0,-0.15343700349330902,-0.21007800102233887,0.965569019317627,0,0,0.004315999802201986,0.00010699999984353781,1,0.9999290108680725,-0.011137000285089016,0.0041669998317956924,0,0.00898400042206049,0.9371439814567566,0.348827987909317,0,-0.007790000177919865,-0.3487659990787506,0.9371770024299622,0,0.00016399999731220305,0.007973999716341496,0,1,0.9928820133209229,0.11495000123977661,0.031177999451756477,0,-0.10805899649858475,0.7593100070953369,0.6416950225830078,0,0.05008900165557861,-0.640496015548706,0.7663260102272034,0,-0.00015900000289548188,0.006316999904811382,0,1,-0.010753010399639606,-0.01459199283272028,0.9998360276222229,0,-0.9230201244354248,-0.3844377100467682,-0.015537004917860031,0,0.3846017122268677,-0.9230351448059082,-0.009334994480013847,0,-0.0057299998588860035,0.014665000140666962,0.000014999999621068127,1,0.4144519865512848,-0.6415642499923706,-0.6454647779464722,0,0.8267589211463928,0.5618780255317688,-0.027622323483228683,0,0.3803930878639221,-0.5221956372261047,0.7632901668548584,0,0,0.012098000384867191,0,1,0.8450998663902283,-0.5346031785011292,-0.0022730007767677307,0,0.5346081852912903,0.8450958728790283,0.0027100008446723223,0,0.0004719991993624717,-0.0035060010850429535,0.9999939799308777,0,0,0.0274059996008873,0,1,0.7519806027412415,-0.39150306582450867,-0.5303314924240112,0,0.40502598881721497,0.9091599583625793,-0.09685828536748886,0,0.5200765132904053,-0.14196203649044037,0.8422396183013916,0,0,0.02959199994802475,0,1,0.8222690224647522,-0.5337039828300476,0.19756799936294556,0,0.5592790246009827,0.822035014629364,-0.10707700252532959,0,-0.10525999963283539,0.19854199886322021,0.9744240045547485,0,0.004745999816805124,0.0019940000493079424,0,1,0.8863319754600525,0.46005600690841675,-0.0525749996304512,0,-0.4415760040283203,0.8739370107650757,0.20308999717235565,0,0.13937999308109283,-0.15678900480270386,0.9777479767799377,0,0.0011919999960809946,0.003942000214010477,0,1,0.7542240023612976,-0.6565300226211548,0.010696000419557095,0,0.6495770215988159,0.7436590194702148,-0.15817900002002716,0,0.09589499980211258,0.1262499988079071,0.9873530268669128,0,-0.00005500000042957254,0.004730000160634518,0,1,0.9929909706115723,0.11811099946498871,0.004265000112354755,0,-0.1108120009303093,0.9429600238800049,-0.3139210045337677,0,-0.041099999099969864,0.3112480044364929,0.9494400024414062,0,0,0.004207000136375427,0.0000870000003487803,1,0.9998729825019836,-0.012260000221431255,-0.010181999765336514,0,0.015876000747084618,0.7108370065689087,0.7031769752502441,0,-0.0013830000534653664,-0.703249990940094,0.7109419703483582,0,-0.00018200000340584666,0.00800199992954731,0,1,0.9990339875221252,-0.04394900053739548,-0.0005339999916031957,0,0.043574001640081406,0.9887679815292358,0.14296799898147583,0,-0.005754999816417694,-0.1428530067205429,0.9897270202636719,0,0.00019999999494757503,0.006426000036299229,0,1,-0.9855899810791016,-0.058704908937215805,0.15863993763923645,0,0.15275494754314423,-0.7117194533348083,0.6856544613838196,0,0.07265591621398926,0.7000064849853516,0.7104304432868958,0,0.009217999875545502,-0.006147999782115221,0.0003760000108741224,1,0.9907679557800293,0.0887579396367073,0.10247436910867691,0,0.0908241719007492,0.12659581005573273,-0.9877876043319702,0,-0.1006472110748291,0.9879755973815918,0.117365762591362,0,0,0.0336339995265007,0,1,0.9641649723052979,0.032195210456848145,0.26334109902381897,0,-0.25957387685775757,0.31963759660720825,0.9112921953201294,0,-0.05483464151620865,-0.9469931125640869,0.316540390253067,0,0,0.02593100070953369,0,1,0.9956899285316467,-0.08990810066461563,-0.022755216807127,0,0.08257409185171127,0.7477142810821533,0.6588666439056396,0,-0.042222458869218826,-0.6579057574272156,0.7519151568412781,0,0,0.019648000597953796,0,1,-0.9317027926445007,0.24538154900074005,-0.267801970243454,0,-0.3369723856449127,-0.8591392040252686,0.3851351737976074,0,-0.13557405769824982,0.44907325506210327,0.8831493854522705,0,-0.009217999875545502,-0.006147999782115221,0.000391999987186864,1,0.9884219765663147,0.14456193149089813,0.04607825726270676,0,0.010322229005396366,0.2389182597398758,-0.970984935760498,0,-0.15137700736522675,0.9602189660072327,0.23466020822525024,0,0,0.03362699970602989,0,1,0.9605090022087097,0.2261122614145279,-0.16216173768043518,0,0.1736317127943039,-0.03166188299655914,0.9843010306358337,0,0.2174282968044281,-0.973586916923523,-0.0696718692779541,0,0,0.02593499980866909,0,1,0.994625985622406,0.004225065000355244,0.10344475507736206,0,-0.08044590055942535,0.660489022731781,0.7465137243270874,0,-0.06517071276903152,-0.7508237361907959,0.6572791337966919,0,0,0.019809000194072723,0,1
K0.067,0.9907140731811523,0.0795067697763443,0.11029065400362015,0,-0.07957174628973007,0.9968219995498657,-0.0038202584255486727,0,-0.11024367064237595,-0.0049916962161660194,0.9938920140266418,0,0.00006899971049278975,0.06790298968553543,-0.0011709976242855191,1,0.9929699897766113,0.10264723747968674,-0.058934349566698074,0,-0.045896559953689575,0.7928697466850281,0.6076602339744568,0,0.10910266637802124,-0.6006832718849182,0.7920078039169312,0,0,0.011083999648690224,-0.00003600000127335079,1,0.9998999834060669,0.012620140798389912,-0.006362848449498415,0,-0.01188515592366457,0.9944429993629456,0.10460309684276581,0,0.007647866848856211,-0.10451710224151611,0.9944940209388733,0,0,0.012931999750435352,0,1,0.9999189972877502,0.010139137506484985,-0.007669857703149319,0,-0.00927515234798193,0.9944019913673401,0.10525109618902206,0,0.008693874813616276,-0.10517110675573349,0.9944159984588623,0,0,0.014778999611735344,0,1,0.9975299835205078,-0.06357988715171814,-0.029864078387618065,0,0.061817873269319534,0.9964810013771057,-0.056601207703351974,0,0.03335808217525482,0.05461520701646805,0.99795001745224,0,0,0.016627000644803047,0,1,0.9714098572731018,-0.2105962634086609,-0.10959836095571518,0,0.10385999828577042,0.7921000123023987,-0.6014910340309143,0,0.213485449552536,0.5729109644889832,0.7913259267807007,0,0,0.009270000271499157,-0.00008800000068731606,1,0.041267793625593185,0.0383419506251812,-0.998412013053894,0,0.9165349006652832,-0.39931720495224,0.022548822686076164,0,-0.39781925082206726,-0.916010856628418,-0.05162087455391884,0,0.0057299998588860035,0.014665000140666962,-0.000028000000384054147,1,0.9695896506309509,0.24429914355278015,0.014614487066864967,0,-0.2371162474155426,0.9229377508163452,0.3032515048980713,0,0.060595735907554626,-0.2974946200847626,0.9527981281280518,0,0,0.012098000384867191,0,1,0.7887863516807556,0.6146594882011414,0.00324799632653594,0,-0.6146674752235413,0.7887643575668335,0.005898994859308004,0,0.001063995878212154,-0.006649994291365147,0.9999769926071167,0,0,0.027411000803112984,0,1,0.8817542195320129,0.25275832414627075,0.3982742130756378,0,-0.22733807563781738,0.9675039052963257,-0.11069750040769577,0,-0.41331130266189575,0.007064996752887964,0.91056227684021,0,0,0.029593000188469887,0,1,0.919448971748352,0.3344630002975464,-0.20675499737262726,0,-0.27008000016212463,0.9193379878997803,0.2861360013484955,0,0.2857789993286133,-0.20724700391292572,0.9356170296669006,0,-0.0045900000259280205,0.0013510000426322222,0,1,0.9284080266952515,0.37108200788497925,-0.018873000517487526,0,-0.36789101362228394,0.9251739978790283,0.09332600235939026,0,0.05209200084209442,-0.0797009989619255,0.9954569935798645,0,-0.0007719999994151294,0.003748999908566475,0,1,0.708736002445221,-0.697180986404419,0.10784699767827988,0,0.6404979825019836,0.6999800205230713,0.31589600443840027,0,-0.29572799801826477,-0.15481099486351013,0.9426440000534058,0,0.000678999989759177,0.005007000174373388,0,1,0.9571599960327148,0.21122799813747406,0.19805699586868286,0,-0.24556300044059753,0.9545940160751343,0.1686680018901825,0,-0.15343700349330902,-0.21007800102233887,0.9655699729919434,0,0,0.004315999802201986,0.00010699999984353781,1,0.9999290108680725,-0.011137000285089016,0.0041680000722408295,0,0.00898400042206049,0.9371439814567566,0.348827987909317,0,-0.007790999952703714,-0.3487659990787506,0.9371770024299622,0,0.00016399999731220305,0.007973999716341496,0,1,0.9928820133209229,0.11495000123977661,0.031177999451756477,0,-0.10805899649858475,0.7593100070953369,0.6416950225830078,0,0.05008900165557861,-0.640496015548706,0.7663260102272034,0,-0.00015900000289548188,0.006316999904811382,0,1,-0.011822990141808987,-0.013887007720768452,0.9998340010643005,0,-0.9353238940238953,-0.353432297706604,-0.01596899703145027,0,0.3535952866077423,-0.935356855392456,-0.008810005150735378,0,-0.0057299998588860035,0.014665000140666962,0.000014999999621068127,1,0.41304001212120056,-0.6682917475700378,-0.6186952590942383,0,0.8233210444450378,0.5643969774246216,-0.0599936805665493,0,0.3892829120159149,-0.4846054017543793,0.7833368182182312,0,0,0.012098000384867191,0,1,0.8326491117477417,-0.5537968277931213,-0.002335999393835664,0,0.5538018345832825,0.8326441049575806,0.0028079990297555923,0,0.0003910008235834539,-0.003631998784840107,0.9999930262565613,0,0,0.0274059996008873,0,1,0.7131293416023254,-0.398593932390213,-0.5766885280609131,0,0.40525901317596436,0.9056410789489746,-0.12481772154569626,0,0.5720234513282776,-0.14469696581363678,0.8073733448982239,0,0,0.02959199994802475,0,1,0.8222690224647522,-0.5337039828300476,0.19756799936294556,0,0.5592790246009827,0.822035014629364,-0.10707700252532959,0,-0.10525999963283539,0.19854199886322021,0.9744240045547485,0,0.004745999816805124,0.0019940000493079424,0,1,0.8863319754600525,0.46005600690841675,-0.0525749996304512,0,-0.4415760040283203,0.8739370107650757,0.20308899879455566,0,0.13937899470329285,-0.15678900480270386,0.9777479767799377,0,0.0011919999960809946,0.003942000214010477,0,1,0.7542240023612976,-0.6565300226211548,0.010696000419557095,0,0.6495770215988159,0.7436590194702148,-0.15817800164222717,0,0.09589499980211258,0.1262499988079071,0.9873530268669128,0,-0.00005500000042957254,0.004730000160634518,0,1,0.9929909706115723,0.11811099946498871,0.004265000112354755,0,-0.1108120009303093,0.9429600238800049,-0.3139210045337677,0,-0.041099000722169876,0.3112480044364929,0.9494389891624451,0,0,0.004207000136375427,0.0000870000003487803,1,0.9998729825019836,-0.012260000221431255,-0.010181999765336514,0,0.015876000747084618,0.7108370065689087,0.7031769752502441,0,-0.001383999944664538,-0.703249990940094,0.7109419703483582,0,-0.00018200000340584666,0.00800199992954731,0,1,0.9990339875221252,-0.043949998915195465,-0.0005339999916031957,0,0.043574001640081406,0.9887679815292358,0.14296799898147583,0,-0.005754999816417694,-0.1428540050983429,0.9897270202636719,0,0.00019999999494757503,0.006426000036299229,0,1,-0.9870510101318359,-0.04968908801674843,0.15251405537128448,0,0.14700205624103546,-0.6606845259666443,0.7361295223236084,0,0.06418707966804504,0.7490175366401672,0.6594335436820984,0,0.009217999875545502,-0.006147999782115221,0.0003760000108741224,1,0.9867030382156372,0.08299306035041809,0.1397446244955063,0,0.10812782496213913,0.3067392110824585,-0.9456314444541931,0,-0.12134578824043274,0.9481683969497681,0.29368624091148376,0,0,0.0336339995265007,0,1,0.9613749980926514,-0.04658621922135353,0.27126890420913696,0,-0.24829311668872833,0.2785194218158722,0.92778080701828,0,-0.1187753677368164,-0.9592998623847961,0.2561945915222168,0,0,0.02593100070953369,0,1,0.9895270466804504,-0.000009893505193758756,-0.1443437933921814,0,0.0911899209022522,0.7752116918563843,0.6250843405723572,0,0.11189046502113342,-0.6317012310028076,0.7670948505401611,0,0,0.019648000597953796,0,1,-0.9164021611213684,0.3002554774284363,-0.2646770179271698,0,-0.37421664595603943,-0.8773428201675415,0.30038684606552124,0,-0.14201894402503967,0.37432074546813965,0.9163586497306824,0,-0.009217999875545502,-0.006147999782115221,0.000391999987186864,1,0.9879500269889832,0.13720707595348358,0.07161174714565277,0,0.03323977440595627,0.26379674673080444,-0.9640050530433655,0,-0.15115900337696075,0.9547700881958008,0.2560577988624573,0,0,0.03362699970602989,0,1,0.9578499794006348,0.25306472182273865,-0.13594725728034973,0,0.1456712782382965,-0.020000115036964417,0.9891309142112732,0,0.24759569764137268,-0.9672420620918274,-0.05602113530039787,0,0,0.02593499980866909,0,1,0.9968230128288269,0.010719935409724712,0.07892624288797379,0,-0.07103009521961212,0.5680128931999207,0.8199482560157776,0,-0.03604128956794739,-0.8229492902755737,0.5669698715209961,0,0,0.019809000194072723,0,1
