4.033,30,120,41
B0,mixamorig_Hips,-1,0.9419752955436707,-0.16014030575752258,0.294850617647171,0,0.1471635103225708,0.9869175553321838,0.06584382802248001,0,-0.3015373945236206,-0.01862897351384163,0.9532195329666138,0,0.02106957696378231,0.0708475410938263,0.003448648378252983,1
B1,mixamorig_Spine,0,0.9955000877380371,-0.07417164742946625,-0.058966659009456635,0,0.08045429736375809,0.9903903007507324,0.11248615384101868,0,0.050056517124176025,-0.11672445386648178,0.9919019937515259,0,0,0.011083999648690224,-0.00003600000127335079,1
B2,mixamorig_Spine1,1,0.981938362121582,-0.130075141787529,-0.13739138841629028,0,0.15704789757728577,0.9653310775756836,0.2084917426109314,0,0.10550769418478012,-0.22630363702774048,0.9683250188827515,0,0,0.012931999750435352,0,1
B3,mixamorig_Spine2,2,0.9815714359283447,-0.13433797657489777,-0.13589993119239807,0,0.16064453125,0.9652431011199951,0.20614872872829437,0,0.10348205268383026,-0.2241816520690918,0.9690372347831726,0,0,0.014778999611735344,0,1
B4,mixamorig_Neck,3,0.9985865950584412,0.03318570926785469,-0.04147055000066757,0,-0.019894687458872795,0.9576331973075867,0.2872951626777649,0,0.04924579709768295,-0.2860635817050934,0.9569435119628906,0,0,0.016627000644803047,0,1
B5,mixamorig_Head,4,0.9678698778152466,0.15120261907577515,-0.20081019401550293,0,-0.20109125971794128,0.945068359375,-0.2576175928115845,0,0.15084226429462433,0.2897270917892456,0.9451463222503662,0,0,0.009270000271499157,-0.00008800000068731606,1
B6,mixamorig_HeadTop_End,5,1,0,0,0,0,1,0,0,0,0,1,0,0,0.06014399975538254,-0.0005729999975301325,1
B7,mixamorig_LeftShoulder,3,0.17002683877944946,0.04329803213477135,-0.9844862222671509,0,0.9784528613090515,0.11129853129386902,0.17387926578521729,0,0.11710204184055328,-0.9928397536277771,-0.023444807156920433,0,0.0057299998588860035,0.014665000140666962,-0.000028000000384054147,1
B8,mixamorig_LeftArm,7,0.09742426127195358,0.8922622203826904,0.44087910652160645,0,-0.8391249179840088,0.3118346333503723,-0.44567230343818665,0,-0.5351390242576599,-0.3265364170074463,0.7790997624397278,0,0,0.012098000384867191,0,1
B9,mixamorig_LeftForeArm,8,0.9712715744972229,0.2379668951034546,0.0014963714638724923,0,-0.23796989023685455,0.9712695479393005,0.0022832767572253942,0,-0.0009107331861741841,-0.002573962789028883,0.9999960064888,0,0,0.027411000803112984,0,1
B10,mixamorig_LeftHand,9,0.9852384328842163,0.12445136159658432,-0.11754727363586426,0,-0.12331736832857132,0.9922221302986145,0.0169067345559597,0,0.11873782426118851,-0.002162063494324684,0.9929221868515015,0,0,0.029593000188469887,0,1
B11,mixamorig_LeftHandThumb1,10,0.919448971748352,0.334463894367218,-0.20675399899482727,0,-0.2700810134410858,0.9193379878997803,0.28613588213920593,0,0.2857789993286133,-0.20724700391292572,0.9356170296669006,0,-0.0045900000259280205,0.0013510000426322222,0,1
B12,mixamorig_LeftHandThumb2,11,0.9284089803695679,0.37108099460601807,-0.018873000517487526,0,-0.36789101362228394,0.9251739978790283,0.09332510083913803,0,0.05209200084209442,-0.0797009989619255,0.9954569935798645,0,-0.0007719999994151294,0.003748999908566475,0,1
B13,mixamorig_LeftHandThumb3,12,0.708736002445221,-0.697180986404419,0.10784699767827988,0,0.6404979825019836,0.6999800205230713,0.31589600443840027,0,-0.29572799801826477,-0.15481099486351013,0.9426440000534058,0,0.000678999989759177,0.005007000174373388,0,1
B14,mixamorig_LeftHandThumb4,13,1,0,0,0,0,1,0,0,0,0,1,0,0.00009300000237999484,0.0039969999343156815,0,1
B15,mixamorig_LeftHandIndex1,10,0.9571599960327148,0.21122810244560242,0.19805699586868286,0,-0.24556300044059753,0.9545940160751343,0.1686680018901825,0,-0.15343700349330902,-0.21007800102233887,0.9655691385269165,0,0,0.004315999802201986,0.00010699999984353781,1
B16,mixamorig_LeftHandIndex2,15,0.9999290108680725,-0.011137000285089016,0.004167104605585337,0,0.00898400042206049,0.9371439814567566,0.348827987909317,0,-0.007790104951709509,-0.3487659990787506,0.9371770024299622,0,0.00016399999731220305,0.007973999716341496,0,1
B17,mixamorig_LeftHandIndex3,16,0.9928820133209229,0.11495000123977661,0.031177999451756477,0,-0.10805889219045639,0.7593100070953369,0.6416950225830078,0,0.05008900165557861,-0.640496015548706,0.7663260102272034,0,-0.00015900000289548188,0.006316999904811382,0,1
B18,mixamorig_LeftHandIndex4,17,1,0,0,0,0,1,0,0,0,0,1,0,-0.000004999999873689376,0.005096999928355217,0,1
B19,mixamorig_RightShoulder,3,-0.10382899641990662,0.01771620288491249,0.9944376349449158,0,-0.9883858561515808,-0.11338266730308533,-0.10117724537849426,0,0.11096028238534927,-0.9933937191963196,0.02928270772099495,0,-0.0057299998588860035,0.014665000140666962,0.000014999999621068127,1
B20,mixamorig_RightArm,19,-0.17024333775043488,-0.9127373695373535,-0.37117165327072144,0,0.9826947450637817,-0.12963713705539703,-0.13205094635486603,0,0.07234463840723038,-0.38721370697021484,0.919080376625061,0,0,0.012098000384867191,0,1
B21,mixamorig_RightForeArm,20,0.9516301155090332,-0.30723991990089417,-0.00173373322468251,0,0.3072420358657837,0.951629102230072,0.0015573041746392846,0,0.0011710573453456163,-0.0020149326883256435,0.9999970197677612,0,0,0.0274059996008873,0,1
B22,mixamorig_RightHand,21,0.9390112161636353,-0.2664589285850525,0.21734735369682312,0,0.23490701615810394,0.958688497543335,0.16037675738334656,0,-0.2510995864868164,-0.0995476171374321,0.9628153443336487,0,0,0.02959199994802475,0,1
B23,mixamorig_RightHandThumb1,22,0.8222690224647522,-0.5337039828300476,0.19756799936294556,0,0.5592790246009827,0.822035014629364,-0.10707700252532959,0,-0.10525999963283539,0.19854199886322021,0.9744240045547485,0,0.004745999816805124,0.0019940000493079424,0,1
B24,mixamorig_RightHandThumb2,23,0.8863319754600525,0.46005600690841675,-0.0525749996304512,0,-0.44157588481903076,0.8739370107650757,0.20308899879455566,0,0.13937999308109283,-0.15678900480270386,0.9777479767799377,0,0.0011919999960809946,0.003942000214010477,0,1
B25,mixamorig_RightHandThumb3,24,0.7542240023612976,-0.6565300226211548,0.010696000419557095,0,0.6495770215988159,0.7436590194702148,-0.15817800164222717,0,0.09589499980211258,0.1262499988079071,0.9873530268669128,0,-0.00005500000042957254,0.004730000160634518,0,1
B26,mixamorig_RightHandThumb4,25,1,0,0,0,0,1,0,0,0,0,1,0,-0.00113800005055964,0.003444999922066927,0,1
B27,mixamorig_RightHandIndex1,22,0.9929909706115723,0.11811099946498871,0.004265000112354755,0,-0.1108120009303093,0.9429608583450317,-0.3139210045337677,0,-0.041099000722169876,0.3112480044364929,0.9494400024414062,0,0,0.004207000136375427,0.0000870000003487803,1
B28,mixamorig_RightHandIndex2,27,0.9998729825019836,-0.012260000221431255,-0.010181000456213951,0,0.015876000747084618,0.7108370065689087,0.7031770944595337,0,-0.001383999944664538,-0.703249990940094,0.7109418511390686,0,-0.00018200000340584666,0.00800199992954731,0,1
B29,mixamorig_RightHandIndex3,28,0.9990339875221252,-0.043949998915195465,-0.0005339999916031957,0,0.04357410594820976,0.9887679815292358,0.14296889305114746,0,-0.005754999816417694,-0.14285390079021454,0.9897270202636719,0,0.00019999999494757503,0.006426000036299229,0,1
B30,mixamorig_RightHandIndex4,29,1,0,0,0,0,1,0,0,0,0,1,0,-0.000018000000636675395,0.005113999824970961,0,1
B31,mixamorig_LeftUpLeg,0,-0.9672815203666687,-0.12875871360301971,0.2185789942741394,0,0.20116519927978516,-0.9142767190933228,0.3515927493572235,0,0.1545708030462265,0.3840607702732086,0.9102653861045837,0,0.009217999875545502,-0.006147999782115221,0.0003760000108741224,1
B32,mixamorig_LeftLeg,31,0.9890303015708923,0.12555447220802307,0.0778190940618515,0,0.01088055782020092,0.4634633958339691,-0.8860481381416321,0,-0.14731250703334808,0.8771752119064331,0.45701298117637634,0,0,0.0336339995265007,0,1
B33,mixamorig_LeftFoot,32,0.8960996270179749,-0.3297015428543091,0.297070175409317,0,-0.31318986415863037,0.004434007219970226,0.9496525526046753,0,-0.3144429624080658,-0.944065272808075,-0.09930386394262314,0,0,0.02593100070953369,0,1
B34,mixamorig_LeftToeBase,33,0.9897418022155762,-0.00004904738307232037,-0.1428672820329666,0,0.0910414382815361,0.7708795070648193,0.6304411292076111,0,0.11010314524173737,-0.6369812488555908,0.762976348400116,0,0,0.019648000597953796,0,1
B35,mixamorig_LeftToe_End,34,1,0,0,0,0,1,0,0,0,0,1,0,0,0.007304999977350235,0,1
B36,mixamorig_RightUpLeg,0,-0.975921630859375,0.008345364592969418,-0.21781881153583527,0,-0.011779889464378357,-0.9996962547302246,0.014411778189241886,0,-0.217754065990448,0.016624748706817627,0.9757590293884277,0,-0.009217999875545502,-0.006147999782115221,0.000391999987186864,1
B37,mixamorig_RightLeg,36,0.9676077365875244,-0.09935011714696884,-0.23194344341754913,0,-0.11829090118408203,0.6335946321487427,-0.764122486114502,0,0.2229989767074585,0.7667921781539917,0.6013286113739014,0,0,0.03362699970602989,0,1
B38,mixamorig_RightFoot,37,0.6999034881591797,0.11353306472301483,-0.7051335573196411,0,0.6816861629486084,0.18826116621494293,0.7069811820983887,0,0.21301433444023132,-0.9755054712295532,0.054392728954553604,0,0,0.02593499980866909,0,1
B39,mixamorig_RightToeBase,38,0.9967875480651855,0.010692627169191837,0.07920383661985397,0,-0.0710797980427742,0.5688917636871338,0.8189816474914551,0,-0.03637497499585152,-0.8219966292381287,0.5678134560585022,0,0,0.019809000194072723,0,1
B40,mixamorig_RightToe_End,39,1,0,0,0,0,1,0,0,0,0,1,0,0,0.007304999977350235,0,1
@34,0,1,2,3,4,5,7,8,9,10,11,12,13,15,16,17,19,20,21,22,23,24,25,27,28,29,31,32,33,34,36,37,38,39
K0.000,0.9186440110206604,0.006045999936759472,-0.39503899216651917,0,0.024430999532341957,0.9970999956130981,0.07207299768924713,0,0.3943290114402771,-0.07586099952459335,0.9158329963684082,0,-0.0006130000110715628,0.07351099699735641,-0.0018649999983608723,1,0.9965909719467163,0.07082100212574005,0.042319998145103455,0,-0.07365000247955322,0.994858980178833,0.06951200217008591,0,-0.03717999905347824,-0.07239200174808502,0.9966830015182495,0,0,0.011083999648690224,-0.00003600000127335079,1,0.9923880100250244,0.10026499629020691,0.0715010017156601,0,-0.10993699729442596,0.982932984828949,0.14750400185585022,0,-0.05549100041389465,-0.15424199402332306,0.9864739775657654,0,0,0.012931999750435352,0,1,0.9928579926490784,0.09495700150728226,0.072223000228405,0,-0.10497400164604187,0.9829930067062378,0.15068499743938446,0,-0.05668700113892555,-0.15719099342823029,0.9859399795532227,0,0,0.014778999611735344,0,1,0.9975050091743469,0.030424000695347786,0.06369899958372116,0,-0.04363299906253815,0.9750720262527466,0.2175550013780594,0,-0.05549199879169464,-0.21979199349880219,0.9739670157432556,0,0,0.016627000644803047,0,1,0.9539030194282532,-0.2477550059556961,0.16936999559402466,0,0.2768380045890808,0.9443219900131226,-0.17781199514865875,0,-0.11588600277900696,0.21650399267673492,0.9693800210952759,0,0,0.009270000271499157,-0.00008800000068731606,1,0.37103500962257385,0.10981100052595139,-0.9221029877662659,0,0.9144629836082458,0.12951399385929108,0.38338398933410645,0,0.16152499616146088,-0.9854779839515686,-0.05236399918794632,0,0.0057299998588860035,0.014665000140666962,-0.000028000000384054147,1,0.24284900724887848,0.8585109710693359,0.45164498686790466,0,-0.8443840146064758,0.41627100110054016,-0.33724600076675415,0,-0.47753599286079407,-0.2994619905948639,0.8260040283203125,0,0,0.012098000384867191,0,1,0.9265660047531128,0.3761279881000519,0.0019259999971836805,0,-0.376132994890213,0.9265589714050293,0.0036100000143051147,0,-0.00042699999175965786,-0.004069000016897917,0.9999920129776001,0,0,0.027411000803112984,0,1,0.9870859980583191,0.12476599961519241,-0.10046900063753128,0,-0.12056499719619751,0.9915980100631714,0.04687099903821945,0,0.10547299683094025,-0.03415200114250183,0.993835985660553,0,0,0.029593000188469887,0,1,0.919448971748352,0.3344630002975464,-0.20675399899482727,0,-0.27008000016212463,0.9193379878997803,0.2861360013484955,0,0.2857789993286133,-0.20724700391292572,0.9356170296669006,0,-0.0045900000259280205,0.0013510000426322222,0,1,0.9284089803695679,0.37108099460601807,-0.018873000517487526,0,-0.36789101362228394,0.9251739978790283,0.09332600235939026,0,0.05209200084209442,-0.0797009989619255,0.9954569935798645,0,-0.0007719999994151294,0.003748999908566475,0,1,0.708736002445221,-0.697180986404419,0.10784699767827988,0,0.6404979825019836,0.6999800205230713,0.31589600443840027,0,-0.29572799801826477,-0.15481099486351013,0.9426450133323669,0,0.000678999989759177,0.005007000174373388,0,1,0.9571599960327148,0.21122899651527405,0.19805699586868286,0,-0.24556300044059753,0.9545940160751343,0.1686680018901825,0,-0.15343700349330902,-0.21007800102233887,0.965569019317627,0,0,0.004315999802201986,0.00010699999984353781,1,0.9999290108680725,-0.011137000285089016,0.0041669998317956924,0,0.00898400042206049,0.9371439814567566,0.348827987909317,0,-0.007790000177919865,-0.3487659990787506,0.9371770024299622,0,0.00016399999731220305,0.007973999716341496,0,1,0.9928820133209229,0.11495000123977661,0.031177999451756477,0,-0.10805899649858475,0.7593100070953369,0.6416940093040466,0,0.05008900165557861,-0.640496015548706,0.7663260102272034,0,-0.00015900000289548188,0.006316999904811382,0,1,-0.2651369869709015,0.02097800001502037,0.9639819860458374,0,-0.9292529821395874,-0.27232199907302856,-0.24965900182724,0,0.2572770118713379,-0.9619770050048828,0.09169699996709824,0,-0.0057299998588860035,0.014665000140666962,0.000014999999621068127,1,-0.19662900269031525,-0.9766790270805359,0.08623199909925461,0,0.8982359766960144,-0.214697003364563,-0.38350600004196167,0,0.39307600259780884,0.002047999994829297,0.9195039868354797,0,0,0.012098000384867191,0,1,0.9365460276603699,-0.35054099559783936,-0.0018100000452250242,0,0.3505440056324005,0.9365450143814087,0.0017770000267773867,0,0.0010720000136643648,-0.0022990000434219837,0.9999970197677612,0,0,0.0274059996008873,0,1,0.9197270274162292,-0.006767000071704388,0.39250099658966064,0,-0.12092900276184082,0.9463440179824829,0.29968199133872986,0,-0.3734689950942993,-0.3230910003185272,0.8695589900016785,0,0,0.02959199994802475,0,1,0.8222699761390686,-0.5337039828300476,0.19756799936294556,0,0.5592790246009827,0.822035014629364,-0.10707700252532959,0,-0.10525999963283539,0.19854199886322021,0.9744240045547485,0,0.004745999816805124,0.0019940000493079424,0,1,0.8863319754600525,0.46005600690841675,-0.0525749996304512,0,-0.4415760040283203,0.8739370107650757,0.20308899879455566,0,0.13937999308109283,-0.15678900480270386,0.9777479767799377,0,0.0011919999960809946,0.003942000214010477,0,1,0.7542240023612976,-0.6565300226211548,0.010696000419557095,0,0.6495770215988159,0.7436590194702148,-0.15817800164222717,0,0.09589499980211258,0.12624900043010712,0.9873530268669128,0,-0.00005500000042957254,0.004730000160634518,0,1,0.9929909706115723,0.11811099946498871,0.004265000112354755,0,-0.1108120009303093,0.9429600238800049,-0.3139210045337677,0,-0.041099000722169876,0.3112480044364929,0.9494400024414062,0,0,0.004207000136375427,0.0000870000003487803,1,0.9998729825019836,-0.012260000221431255,-0.010181000456213951,0,0.015876000747084618,0.7108370065689087,0.7031769752502441,0,-0.001383999944664538,-0.703249990940094,0.7109419703483582,0,-0.00018200000340584666,0.00800199992954731,0,1,0.9990339875221252,-0.04394900053739548,-0.0005339999916031957,0,0.043574001640081406,0.9887679815292358,0.14296799898147583,0,-0.005754999816417694,-0.1428530067205429,0.9897270202636719,0,0.00019999999494757503,0.006426000036299229,0,1,-0.9625219702720642,-0.17791900038719177,0.20468400418758392,0,0.24595800042152405,-0.8906490206718445,0.3824250102043152,0,0.11426100134849548,0.4184359908103943,0.9010300040245056,0,0.009217999875545502,-0.006147999782115221,0.0003760000108741224,1,0.9855679869651794,-0.11679200083017349,-0.12253700196743011,0,-0.006622999906539917,0.6967170238494873,-0.7173150181770325,0,0.16915099322795868,0.7077739834785461,0.6858890056610107,0,0,0.0336339995265007,0,1,0.9821820259094238,-0.15575100481510162,0.10517200082540512,0,-0.055741000920534134,0.2930139899253845,0.9544820189476013,0,-0.1794780045747757,-0.9433370232582092,0.27911099791526794,0,0,0.02593100070953369,0,1,0.9932180047035217,-0.0025160000659525394,-0.11624299734830856,0,0.08622699975967407,0.686610996723175,0.7218930125236511,0,0.07799799740314484,-0.7270200252532959,0.6821720004081726,0,0,0.019648000597953796,0,1,-0.9881309866905212,0.03487800061702728,-0.1496029943227768,0,-0.07091499865055084,-0.9674699902534485,0.24284400045871735,0,-0.13626700639724731,0.25057101249694824,0.9584599733352661,0,-0.009217999875545502,-0.006147999782115221,0.000391999987186864,1,0.9949269890785217,0.09713099896907806,-0.026177000254392624,0,-0.08848600089550018,0.721219003200531,-0.6870319843292236,0,-0.047853000462055206,0.6858630180358887,0.7261559963226318,0,0,0.03362699970602989,0,1,0.9706130027770996,0.06011800095438957,-0.2330169975757599,0,0.227510005235672,0.0863099992275238,0.9699429869651794,0,0.07842300087213516,-0.9944530129432678,0.07009600102901459,0,0,0.02593499980866909,0,1,0.9900540113449097,0,0.1406860053539276,0,-0.08790899813175201,0.7807390093803406,0.6186429858207703,0,-0.10983899980783463,-0.624858021736145,0.7729730010032654,0,0,0.019809000194072723,0,1
K0.033,0.9245961308479309,-0.0009610775159671903,-0.3809467554092407,0,0.029608048498630524,0.9971529841423035,0.06934596598148346,0,0.37979575991630554,-0.07539598643779755,0.9219931364059448,0,-0.00031999583006836474,0.0733800008893013,-0.0015899963909760118,1,0.9970570206642151,0.06463193893432617,0.04122697934508324,0,-0.06740593910217285,0.9952750205993652,0.06989200413227081,0,-0.03651498258113861,-0.07246500998735428,0.9967020153999329,0,0,0.011083999648690224,-0.00003600000127335079,1,0.9933559894561768,0.09258391708135605,0.06835295259952545,0,-0.10184691101312637,0.9837939739227295,0.147568017244339,0,-0.053582966327667236,-0.15354900062084198,0.9866870045661926,0,0,0.012931999750435352,0,1,0.9937660098075867,0.08756392449140549,0.0690089538693428,0,-0.09712991863489151,0.9838500022888184,0.15034900605678558,0,-0.05472896620631218,-0.15611499547958374,0.9862220287322998,0,0,0.014778999611735344,0,1,0.9977650046348572,0.030866965651512146,0.05926793813705444,0,-0.0429389514029026,0.9757360219955444,0.21469898521900177,0,-0.051201943308115005,-0.21676398813724518,0.9748799800872803,0,0,0.016627000644803047,0,1,0.9614490866661072,-0.22556574642658234,0.1572788506746292,0,0.25315073132514954,0.949396014213562,-0.1859111785888672,0,-0.10738387703895569,0.2185591161251068,0.9698969721794128,0,0,0.009270000271499157,-0.00008800000068731606,1,0.3625568747520447,0.10668795555830002,-0.9258350729942322,0,0.9183260798454285,0.12841498851776123,0.3744148910045624,0,0.1588359773159027,-0.9859650135040283,-0.05141598358750343,0,0.0057299998588860035,0.014665000140666962,-0.000028000000384054147,1,0.2274269312620163,0.8670390844345093,0.4433058798313141,0,-0.8472440242767334,0.4005988836288452,-0.34885308146476746,0,-0.480057030916214,-0.2962498962879181,0.8256999850273132,0,0,0.012098000384867191,0,1,0.9269359111785889,0.375215083360672,0.0019220003159716725,0,-0.37522009015083313,0.9269289374351501,0.0036010006442666054,0,-0.0004299996653571725,-0.004059000872075558,0.9999920129776001,0,0,0.027411000803112984,0,1,0.987060010433197,0.12476100027561188,-0.1007319912314415,0,-0.12067800015211105,0.9916399717330933,0.04568001255393028,0,0.10558899492025375,-0.032933011651039124,0.9938639998435974,0,0,0.029593000188469887,0,1,0.919448971748352,0.3344630002975464,-0.20675399899482727,0,-0.27008000016212463,0.9193379878997803,0.2861360013484955,0,0.2857789993286133,-0.20724700391292572,0.9356170296669006,0,-0.0045900000259280205,0.0013510000426322222,0,1,0.9284080266952515,0.37108200788497925,-0.018873000517487526,0,-0.36789199709892273,0.9251739978790283,0.09332600235939026,0,0.05209200084209442,-0.0797009989619255,0.9954569935798645,0,-0.0007719999994151294,0.003748999908566475,0,1,0.7087370157241821,-0.697180986404419,0.10784699767827988,0,0.6404979825019836,0.6999800205230713,0.31589600443840027,0,-0.295727014541626,-0.15481099486351013,0.9426450133323669,0,0.000678999989759177,0.005007000174373388,0,1,0.9571599960327148,0.21122799813747406,0.19805699586868286,0,-0.24556300044059753,0.9545940160751343,0.1686680018901825,0,-0.15343700349330902,-0.21007800102233887,0.965569019317627,0,0,0.004315999802201986,0.00010699999984353781,1,0.9999290108680725,-0.011137000285089016,0.0041680000722408295,0,0.00898400042206049,0.9371439814567566,0.3488290011882782,0,-0.007790999952703714,-0.3487659990787506,0.9371770024299622,0,0.00016399999731220305,0.007973999716341496,0,1,0.9928820133209229,0.11495000123977661,0.031177999451756477,0,-0.10805799812078476,0.7593100070953369,0.6416940093040466,0,0.05008900165557861,-0.640496015548706,0.7663260102272034,0,-0.00015900000289548188,0.006316999904811382,0,1,-0.2591819167137146,0.021729009225964546,0.9655839800834656,0,-0.9328760504722595,-0.2645508944988251,-0.2444499284029007,0,0.2501339018344879,-0.9641270041465759,0.08883696049451828,0,-0.0057299998588860035,0.014665000140666962,0.000014999999621068127,1,-0.18628188967704773,-0.9792109727859497,0.08027391880750656,0,0.9047080874443054,-0.20282188057899475,-0.3746539056301117,0,0.38314688205718994,0.002832988742738962,0.9236830472946167,0,0,0.012098000384867191,0,1,0.9382240176200867,-0.34602296352386475,-0.001800999976694584,0,0.3460259735584259,0.9382230043411255,0.0017539998516440392,0,0.0010830000974237919,-0.0022689998149871826,0.9999970197677612,0,0,0.0274059996008873,0,1,0.901689887046814,-0.0023200204595923424,0.43237724900245667,0,-0.14492209255695343,0.9405220150947571,0.3072720170021057,0,-0.40737321972846985,-0.3397250473499298,0.8477228879928589,0,0,0.02959199994802475,0,1,0.8222690224647522,-0.5337039828300476,0.19756799936294556,0,0.5592799782752991,0.822035014629364,-0.10707700252532959,0,-0.10525999963283539,0.19854199886322021,0.9744240045547485,0,0.004745999816805124,0.0019940000493079424,0,1,0.8863319754600525,0.46005600690841675,-0.0525749996304512,0,-0.4415760040283203,0.8739370107650757,0.20308899879455566,0,0.13937999308109283,-0.15678900480270386,0.9777479767799377,0,0.0011919999960809946,0.003942000214010477,0,1,0.7542240023612976,-0.6565300226211548,0.010696000419557095,0,0.6495770215988159,0.7436590194702148,-0.15817800164222717,0,0.09589499980211258,0.1262499988079071,0.9873530268669128,0,-0.00005500000042957254,0.004730000160634518,0,1,0.9929909706115723,0.11811099946498871,0.004265000112354755,0,-0.1108120009303093,0.9429600238800049,-0.3139210045337677,0,-0.041099000722169876,0.3112480044364929,0.9494400024414062,0,0,0.004207000136375427,0.0000870000003487803,1,0.9998729825019836,-0.012260000221431255,-0.010181000456213951,0,0.015876000747084618,0.7108370065689087,0.7031769752502441,0,-0.001383999944664538,-0.703249990940094,0.7109419703483582,0,-0.00018200000340584666,0.00800199992954731,0,1,0.9990339875221252,-0.043949998915195465,-0.0005339999916031957,0,0.043574001640081406,0.9887679815292358,0.14296799898147583,0,-0.005754999816417694,-0.1428530067205429,0.9897270202636719,0,0.00019999999494757503,0.006426000036299229,0,1,-0.9622200131416321,-0.17668798565864563,0.2071550339460373,0,0.25361406803131104,-0.8584326505661011,0.4458395540714264,0,0.09905487298965454,0.48153355717658997,0.8708117008209229,0,0.009217999875545502,-0.006147999782115221,0.0003760000108741224,1,0.9838879704475403,-0.13230714201927185,-0.12024792283773422,0,0.004231160506606102,0.6896190047264099,-0.7241600155830383,0,0.17873705923557281,0.7119829654693604,0.6790680289268494,0,0,0.0336339995265007,0,1,0.9844799637794495,-0.13560087978839874,0.11140646785497665,0,-0.05797635018825531,0.3478687107563019,0.9357486963272095,0,-0.1656431257724762,-0.9276856780052185,0.33460766077041626,0,0,0.02593100070953369,0,1,0.9931889772415161,-0.0024769993033260107,-0.11649100482463837,0,0.08629100024700165,0.6874510049819946,0.7210860252380371,0,0.07829500734806061,-0.7262259721755981,0.6829829812049866,0,0,0.019648000597953796,0,1,-0.9886459708213806,0.028696944937109947,-0.1474999338388443,0,-0.061385899782180786,-0.9730810523033142,0.22213777899742126,0,-0.1371549665927887,0.22866976261138916,0.9637940526008606,0,-0.009217999875545502,-0.006147999782115221,0.000391999987186864,1,0.9941049814224243,0.10793612897396088,-0.010224728845059872,0,-0.08593891561031342,0.7269730567932129,-0.6812669634819031,0,-0.06610027700662613,0.6781298518180847,0.731963038444519,0,0,0.03362699970602989,0,1,0.9705060124397278,0.05565397068858147,-0.23456604778766632,0,0.23034405708312988,0.07304288446903229,0.970363974571228,0,0.07113794982433319,-0.9957749843597412,0.058068882673978806,0,0,0.02593499980866909,0,1,0.9900540113449097,0,0.1406870037317276,0,-0.08790899813175201,0.7807390093803406,0.6186419725418091,0,-0.10983999818563461,-0.6248570084571838,0.7729740142822266,0,0,0.019809000194072723,0,1
K0.067,0.9339528679847717,-0.008710922673344612,-0.35729023814201355,0,0.03442395105957985,0.9972469806671143,0.06567003577947617,0,0.3557342290878296,-0.07363201677799225,0.9316818714141846,0,0.00009699584916234016,0.07323899865150452,-0.0012290036538615823,1,0.9975020289421082,0.05880006030201912,0.039136022329330444,0,-0.06146005913615227,0.995606005191803,0.07064299285411835,0,-0.03481001779437065,-0.07287199050188065,0.9967340230941772,0,0,0.011083999648690224,-0.00003600000127335079,1,0.9943649768829346,0.08454708009958267,0.0639510452747345,0,-0.09326208382844925,0.9844980239868164,0.1485459804534912,0,-0.0504000298678875,-0.15367400646209717,0.9868350028991699,0,0,0.012931999750435352,0,1,0.9947159886360168,0.07986007630825043,0.06452004611492157,0,-0.08883408457040787,0.9845449924468994,0.15092900395393372,0,-0.05147003382444382,-0.15586300194263458,0.9864370226860046,0,0,0.014778999611735344,0,1,0.9982240200042725,0.027573034167289734,0.0528140626847744,0,-0.03827304393053055,0.9761350154876709,0.2137650102376938,0,-0.045659054070711136,-0.21540701389312744,0.9754559993743896,0,0,0.016627000644803047,0,1,0.9692209362983704,-0.2006392478942871,0.14267314970493317,0,0.22712525725364685,0.9523259997367859,-0.2036898285150528,0,-0.09500312805175781,0.22982488572597504,0.9685840010643005,0,0,0.009270000271499157,-0.00008800000068731606,1,0.3508281111717224,0.1024540439248085,-0.9308179616928101,0,0.9234259128570557,0.1272910088300705,0.3620521128177643,0,0.15557903051376343,-0.9865599870681763,-0.049951013177633286,0,0.0057299998588860035,0.014665000140666962,-0.000028000000384054147,1,0.21934308111667633,0.8745789527893066,0.43243610858917236,0,-0.8479040265083313,0.390139102935791,-0.35895591974258423,0,-0.4826459586620331,-0.28793010115623474,0.8271329998970032,0,0,0.012098000384867191,0,1,0.9238360524177551,0.382782906293869,0.001951999613083899,0,-0.38278791308403015,0.9238290786743164,0.003673999337479472,0,-0.00039700031629763544,-0.0041409991681575775,0.9999909996986389,0,0,0.027411000803112984,0,1,0.9871259927749634,0.12481500208377838,-0.10001600533723831,0,-0.12063200026750565,0.9915909767150879,0.0468519888818264,0,0.10502300411462784,-0.034183990210294724,0.9938820004463196,0,0,0.029593000188469887,0,1,0.919448971748352,0.33446401357650757,-0.20675499737262726,0,-0.27008000016212463,0.9193379878997803,0.2861360013484955,0,0.2857789993286133,-0.20724700391292572,0.9356170296669006,0,-0.0045900000259280205,0.0013510000426322222,0,1,0.9284080266952515,0.37108200788497925,-0.018873000517487526,0,-0.36789101362228394,0.9251739978790283,0.09332600235939026,0,0.05209200084209442,-0.0797009989619255,0.9954569935798645,0,-0.0007719999994151294,0.003748999908566475,0,1,0.708736002445221,-0.697180986404419,0.10784699767827988,0,0.6404979825019836,0.6999800205230713,0.31589600443840027,0,-0.29572799801826477,-0.15481099486351013,0.9426440000534058,0,0.000678999989759177,0.005007000174373388,0,1,0.9571599960327148,0.21122799813747406,0.19805699586868286,0,-0.24556300044059753,0.9545940160751343,0.1686680018901825,0,-0.15343700349330902,-0.21007800102233887,0.965569019317627,0,0,0.004315999802201986,0.00010699999984353781,1,0.9999290108680725,-0.011137000285089016,0.0041669998317956924,0,0.00898400042206049,0.9371439814567566,0.348827987909317,0,-0.007790000177919865,-0.3487659990787506,0.9371770024299622,0,0.00016399999731220305,0.007973999716341496,0,1,0.9928820133209229,0.11495000123977661,0.031177999451756477,0,-0.10805899649858475,0.7593100070953369,0.6416950225830078,0,0.05008900165557861,-0.640496015548706,0.7663260102272034,0,-0.00015900000289548188,0.006316999904811382,0,1,-0.2505640983581543,0.022597990930080414,0.9678360223770142,0,-0.9377749562263489,-0.2539261281490326,-0.23685307800769806,0,0.2404070943593979,-0.9669600129127502,0.08481703698635101,0,-0.0057299998588860035,0.014665000140666962,0.000014999999621068127,1,-0.17604410648345947,-0.9817280173301697,0.07224108278751373,0,0.9116109609603882,-0.19028212130069733,-0.36436107754707336,0,0.3714491128921509,0.0017120111733675003,0.9284519553184509,0,0,0.012098000384867191,0,1,0.9390890002250671,-0.34366902709007263,-0.0017969999462366104,0,0.3436720371246338,0.939087986946106,0.0017420001095160842,0,0.0010889999102801085,-0.0022540001664310694,0.9999970197677612,0,0,0.0274059996008873,0,1,0.890200138092041,-0.004373979289084673,0.4555497467517853,0,-0.15425090491771698,0.9379969835281372,0.31043297052383423,0,-0.4286617934703827,-0.3466159403324127,0.834330141544342,0,0,0.02959199994802475,0,1,0.8222690224647522,-0.5337039828300476,0.19756799936294556,0,0.5592799782752991,0.822035014629364,-0.10707700252532959,0,-0.10525999963283539,0.19854199886322021,0.9744240045547485,0,0.004745999816805124,0.0019940000493079424,0,1,0.8863319754600525,0.46005600690841675,-0.0525749996304512,0,-0.4415760040283203,0.8739370107650757,0.20308899879455566,0,0.13937899470329285,-0.15678900480270386,0.9777479767799377,0,0.0011919999960809946,0.003942000214010477,0,1,0.7542240023612976,-0.6565300226211548,0.010696000419557095,0,0.6495770215988159,0.7436590194702148,-0.15817800164222717,0,0.09589499980211258,0.1262499988079071,0.9873530268669128,0,-0.00005500000042957254,0.004730000160634518,0,1,0.9929909706115723,0.11811099946498871,0.004265000112354755,0,-0.1108120009303093,0.9429600238800049,-0.3139210045337677,0,-0.041099000722169876,0.3112480044364929,0.9494400024414062,0,0,0.004207000136375427,0.0000870000003487803,1,0.9998729825019836,-0.012260000221431255,-0.010181000456213951,0,0.015876000747084618,0.7108370065689087,0.7031769752502441,0,-0.001383999944664538,-0.7032489776611328,0.7109419703483582,0,-0.00018200000340584666,0.00800199992954731,0,1,0.9990339875221252,-0.043949998915195465,-0.0005339999916031957,0,0.04357500001788139,0.9887679815292358,0.14296899735927582,0,-0.005754999816417694,-0.1428540050983429,0.9897270202636719,0,0.00019999999494757503,0.006426000036299229,0,1,-0.9617670178413391,-0.1748260110616684,0.21080997586250305,0,0.2599649429321289,-0.8249333500862122,0.5018994808197021,0,0.0861591249704361,0.5375134348869324,0.8388422727584839,0,0.009217999875545502,-0.006147999782115221,0.0003760000108741224,1,0.9826380014419556,-0.14724785089492798,-0.11287807673215866,0,0.020292839035391808,0.6900389790534973,-0.7234879732131958,0,0.18442194163799286,0.7086360454559326,0.6810460090637207,0,0,0.0336339995265007,0,1,0.9797590374946594,-0.12298412621021271,0.15794554352760315,0,-0.09308464825153351,0.4186212718486786,0.9033772945404053,0,-0.17721988260746002,-0.8997952938079834,0.39870038628578186,0,0,0.02593100070953369,0,1,0.9931269884109497,-0.002397000789642334,-0.11701498925685883,0,0.08642400056123734,0.689221978187561,0.7193769812583923,0,0.0789249911904335,-0.7245460152626038,0.6846929788589478,0,0,0.019648000597953796,0,1,-0.9895579814910889,0.023079056292772293,-0.14227204024791718,0,-0.05150309577584267,-0.9785459637641907,0.19948622584342957,0,-0.13461603224277496,0.20473124086856842,0.969516932964325,0,-0.009217999875545502,-0.006147999782115221,0.000391999987186864,1,0.992542028427124,0.12072987109422684,0.016868729144334793,0,-0.07779308408498764,0.7338419556617737,-0.6748520731925964,0,-0.09385372698307037,0.6685061454772949,0.7377609610557556,0,0,0.03362699970602989,0,1,0.969510018825531,0.05276602879166603,-0.23930194973945618,0,0.23606793582439423,0.06086311861872673,0.9698290228843689,0,0.06573905050754547,-0.996749997138977,0.046551115810871124,0,0,0.02593499980866909,0,1,0.9900540113449097,0,0.1406860053539276,0,-0.08790899813175201,0.7807379961013794,0.6186429858207703,0,-0.10983899980783463,-0.624858021736145,0.7729730010032654,0,0,0.019809000194072723,0,1
