2.633,30,78,41
B0,mixamorig_Hips,-1,0.9287639260292053,-0.028145458549261093,0.36929866671562195,0,-0.012390725314617157,0.9941516518592834,0.1070343554019928,0,-0.3701839745044708,-0.10407821089029312,0.9230083227157593,0,-0.0067405011504888535,0.07284963876008987,-0.004711121320724487,1
B1,mixamorig_Spine,0,0.9962251782417297,0.04852926358580589,0.0718885064125061,0,-0.04999460652470589,0.9985669851303101,0.018770629540085793,0,-0.07088014483451843,-0.02229997143149376,0.9972324967384338,0,0,0.011083999648690224,-0.00003600000127335079,1
B2,mixamorig_Spine1,1,0.9969621896743774,0.032518170773983,0.07074102014303207,0,-0.04098130390048027,0.9917166829109192,0.12170329689979553,0,-0.06620097905397415,-0.1242360919713974,0.9900394082069397,0,0,0.012931999750435352,0,1
B3,mixamorig_Spine2,2,0.9972684383392334,0.033064793795347214,0.0660015270113945,0,-0.04105030372738838,0.9914799332618713,0.12359569221735,0,-0.06135597452521324,-0.1259702444076538,0.9901323914527893,0,0,0.014778999611735344,0,1
B4,mixamorig_Neck,3,0.997273325920105,0.0020288710948079824,-0.07372598350048065,0,0.009365620091557503,0.9880210757255554,0.15397700667381287,0,0.07314930856227875,-0.15424485504627228,0.9853111505508423,0,0,0.016627000644803047,0,1
B5,mixamorig_Head,4,0.8900896906852722,-0.3629921078681946,-0.27510952949523926,0,0.2328052967786789,0.8816704154014587,-0.41029468178749084,0,0.39146164059638977,0.30107471346855164,0.8694283366203308,0,0,0.009270000271499157,-0.00008800000068731606,1
B6,mixamorig_HeadTop_End,5,1,0,0,0,0,1,0,0,0,0,1,0,0,0.06014399975538254,-0.0005729999975301325,1
B7,mixamorig_LeftShoulder,3,-0.05483720079064369,0.014575198292732239,-0.9983884692192078,0,0.896396815776825,-0.43973979353904724,-0.05565553903579712,0,-0.4398430287837982,-0.8980047106742859,0.01104748249053955,0,0.0057299998588860035,0.014665000140666962,-0.000028000000384054147,1
B8,mixamorig_LeftArm,7,0.9730835556983948,0.20553962886333466,0.10416256636381149,0,-0.22259114682674408,0.7214161157608032,0.6556845903396606,0,0.059601884335279465,-0.6612256765365601,0.7477555274963379,0,0,0.012098000384867191,0,1
B9,mixamorig_LeftForeArm,8,0.28440651297569275,0.9586597681045532,0.008486820384860039,0,-0.9586212038993835,0.2842627763748169,0.014871477149426937,0,0.011846884153783321,-0.01235764566808939,0.9998510479927063,0,0,0.027411000803112984,0,1
B10,mixamorig_LeftHand,9,0.8885321617126465,0.05370228737592697,-0.4555349349975586,0,-0.1033208817243576,0.9907610416412354,-0.08490166068077087,0,0.44698649644851685,0.12256515771150589,0.8858649134635925,0,0,0.029593000188469887,0,1
B11,mixamorig_LeftHandThumb1,10,0.919448971748352,0.3344630002975464,-0.20675499737262726,0,-0.27008000016212463,0.9193379878997803,0.2861360013484955,0,0.2857789993286133,-0.20724700391292572,0.9356170296669006,0,-0.0045900000259280205,0.0013510000426322222,0,1
B12,mixamorig_LeftHandThumb2,11,0.9284088611602783,0.3710811138153076,-0.018873000517487526,0,-0.36789101362228394,0.9251739978790283,0.09332600235939026,0,0.05209200084209442,-0.0797009989619255,0.9954569935798645,0,-0.0007719999994151294,0.003748999908566475,0,1
B13,mixamorig_LeftHandThumb3,12,0.7087368965148926,-0.697180986404419,0.10784699767827988,0,0.6404979825019836,0.6999800205230713,0.31589600443840027,0,-0.2957271337509155,-0.15481099486351013,0.9426448941230774,0,0.000678999989759177,0.005007000174373388,0,1
B14,mixamorig_LeftHandThumb4,13,1,0,0,0,0,1,0,0,0,0,1,0,0.00009300000237999484,0.0039969999343156815,0,1
B15,mixamorig_LeftHandIndex1,10,0.9673345685005188,0.17927169799804688,0.17920471727848053,0,-0.22173401713371277,0.9409753084182739,0.25561192631721497,0,-0.1228267177939415,-0.2870071530342102,0.9499931931495667,0,0,0.004315999802201986,0.00010699999984353781,1
B16,mixamorig_LeftHandIndex2,15,0.9999827742576599,-0.0009266316192224622,0.005733327474445105,0,-0.0015727351419627666,0.9069294333457947,0.42122459411621094,0,-0.005584064405411482,-0.4212265610694885,0.9069126844406128,0,0.00016399999731220305,0.007973999716341496,0,1
B17,mixamorig_LeftHandIndex3,16,0.9917469024658203,0.12243331223726273,0.038033947348594666,0,-0.11391835659742355,0.7054778337478638,0.6994834542274475,0,0.0588144026696682,-0.6980435848236084,0.7136037349700928,0,-0.00015900000289548188,0.006316999904811382,0,1
B18,mixamorig_LeftHandIndex4,17,1,0,0,0,0,1,0,0,0,0,1,0,-0.000004999999873689376,0.005096999928355217,0,1
B19,mixamorig_RightShoulder,3,0.24256093800067902,-0.05652855336666107,0.9684833288192749,0,-0.9293029308319092,-0.30010759830474854,0.21523214876651764,0,0.2784804105758667,-0.9522284865379333,-0.12532608211040497,0,-0.0057299998588860035,0.014665000140666962,0.000014999999621068127,1
B20,mixamorig_RightArm,19,0.7931299805641174,-0.5617833137512207,0.23501591384410858,0,0.42725181579589844,0.7883883714675903,0.442534863948822,0,-0.4339110553264618,-0.25052833557128906,0.8653738498687744,0,0,0.012098000384867191,0,1
B21,mixamorig_RightForeArm,20,-0.24543270468711853,-0.9693307876586914,-0.007801514118909836,0,0.9693387746810913,-0.24547483026981354,0.004914996214210987,0,-0.0066800182685256,-0.006356494966894388,0.9999578595161438,0,0,0.0274059996008873,0,1
B22,mixamorig_RightHand,21,0.6250441074371338,-0.1710968166589737,0.7613826394081116,0,0.12184837460517883,0.9850853085517883,0.1213255375623703,0,-0.7708276510238647,0.016830679029226303,0.636584460735321,0,0,0.02959199994802475,0,1
B23,mixamorig_RightHandThumb1,22,0.8222690224647522,-0.5337039828300476,0.19756799936294556,0,0.5592790246009827,0.822035014629364,-0.10707700252532959,0,-0.10525999963283539,0.19854199886322021,0.9744240045547485,0,0.004745999816805124,0.0019940000493079424,0,1
B24,mixamorig_RightHandThumb2,23,0.8863319754600525,0.46005600690841675,-0.0525749996304512,0,-0.4415760040283203,0.8739370107650757,0.2030898779630661,0,0.13937999308109283,-0.15678900480270386,0.9777479767799377,0,0.0011919999960809946,0.003942000214010477,0,1
B25,mixamorig_RightHandThumb3,24,0.7542240023612976,-0.6565300226211548,0.010696000419557095,0,0.6495770215988159,0.7436590194702148,-0.15817800164222717,0,0.09589487314224243,0.1262499988079071,0.9873530268669128,0,-0.00005500000042957254,0.004730000160634518,0,1
B26,mixamorig_RightHandThumb4,25,1,0,0,0,0,1,0,0,0,0,1,0,-0.00113800005055964,0.003444999922066927,0,1
B27,mixamorig_RightHandIndex1,22,0.994269847869873,0.10688421130180359,0.0016958123305812478,0,-0.10483338683843613,0.978074848651886,-0.17970725893974304,0,-0.020873134955763817,0.17849884927272797,0.9836758971214294,0,0,0.004207000136375427,0.0000870000003487803,1
B28,mixamorig_RightHandIndex2,27,0.999584972858429,-0.02253243513405323,-0.017926214262843132,0,0.027920149266719818,0.6067160367965698,0.7943747043609619,0,-0.007031127344816923,-0.7945458292961121,0.6070943474769592,0,-0.00018200000340584666,0.00800199992954731,0,1
B29,mixamorig_RightHandIndex3,28,0.9987524151802063,-0.04987626150250435,-0.0025530827697366476,0,0.04929063841700554,0.9762095212936401,0.2111021876335144,0,-0.008038703352212906,-0.21096469461917877,0.9774501323699951,0,0.00019999999494757503,0.006426000036299229,0,1
B30,mixamorig_RightHandIndex4,29,1,0,0,0,0,1,0,0,0,0,1,0,-0.000018000000636675395,0.005113999824970961,0,1
B31,mixamorig_LeftUpLeg,0,-0.8619956970214844,-0.42015722393989563,0.28359556198120117,0,0.49949759244918823,-0.7987668514251709,0.33493196964263916,0,0.08578339219093323,0.4303540289402008,0.8984108567237854,0,0.009217999875545502,-0.006147999782115221,0.0003760000108741224,1
B32,mixamorig_LeftLeg,31,0.957183837890625,0.007502211723476648,0.2893570065498352,0,0.12336435168981552,0.8937194347381592,-0.431196004152298,0,-0.2618781626224518,0.4484297037124634,0.8545312881469727,0,0,0.0336339995265007,0,1
B33,mixamorig_LeftFoot,32,0.9329763650894165,-0.24842461943626404,0.26045504212379456,0,-0.027471428737044334,0.6723626852035522,0.7397101521492004,0,-0.35888391733169556,-0.6972877383232117,0.6204763650894165,0,0,0.02593100070953369,0,1
B34,mixamorig_LeftToeBase,33,0.9898580312728882,-0.00007499768253182992,-0.1420608013868332,0,0.09095475822687149,0.7684971690177917,0.6333552598953247,0,0.10912595689296722,-0.6398521065711975,0.7607091665267944,0,0,0.019648000597953796,0,1
B35,mixamorig_LeftToe_End,34,1,0,0,0,0,1,0,0,0,0,1,0,0,0.007304999977350235,0,1
B36,mixamorig_RightUpLeg,0,-0.9351100921630859,0.11959443986415863,-0.3335380554199219,0,-0.26439422369003296,-0.8621710538864136,0.4321424067020416,0,-0.23588337004184723,0.49228084087371826,0.8378530740737915,0,-0.009217999875545502,-0.006147999782115221,0.000391999987186864,1
B37,mixamorig_RightLeg,36,0.9939290881156921,0.0589679516851902,-0.09284456819295883,0,-0.10914346575737,0.6331408023834229,-0.7662976384162903,0,0.013599740341305733,0.7717859148979187,0.6357359290122986,0,0,0.03362699970602989,0,1
B38,mixamorig_RightFoot,37,0.9510890245437622,0.27043837308883667,-0.14907684922218323,0,0.0863698199391365,0.23050963878631592,0.9692191481590271,0,0.29648277163505554,-0.9347138404846191,0.19585052132606506,0,0,0.02593499980866909,0,1
B39,mixamorig_RightToeBase,38,0.9901958703994751,0.000027374517230782658,0.13968801498413086,0,-0.08781225234270096,0.7778216600418091,0.6223198175430298,0,-0.10863564163446426,-0.6284849643707275,0.7701976895332336,0,0,0.019809000194072723,0,1
B40,mixamorig_RightToe_End,39,1,0,0,0,0,1,0,0,0,0,1,0,0,0.007304999977350235,0,1
@34,0,1,2,3,4,5,7,8,9,10,11,12,13,15,16,17,19,20,21,22,23,24,25,27,28,29,31,32,33,34,36,37,38,39
K0.000,0.9459199905395508,-0.06091199815273285,0.31863000988960266,0,-0.004947999957948923,0.979390025138855,0.20191699266433716,0,-0.32436200976371765,-0.19257399439811707,0.9261230230331421,0,0.0006140000186860561,0.0715709999203682,-0.0013299999991431832,1,0.999405026435852,0.03252999857068062,0.01147099956870079,0,-0.03294600173830986,0.998727023601532,0.03818599879741669,0,-0.010214000009000301,-0.038541000336408615,0.9992049932479858,0,0,0.011083999648690224,-0.00003600000127335079,1,0.9994580149650574,0.022825999185442924,0.023719999939203262,0,-0.025710999965667725,0.9912530183792114,0.12944400310516357,0,-0.02055799961090088,-0.12998400628566742,0.991303026676178,0,0,0.012931999750435352,0,1,0.9994840025901794,0.023598000407218933,0.021782999858260155,0,-0.026228999719023705,0.9912109971046448,0.1296669989824295,0,-0.018532000482082367,-0.130171999335289,0.9913179874420166,0,0,0.014778999611735344,0,1,0.9974240064620972,-0.04721599817276001,-0.05400500074028969,0,0.04160600155591965,0.9940500259399414,-0.10066500306129456,0,0.05843599885702133,0.09815800189971924,0.9934539794921875,0,0,0.016627000644803047,0,1,0.9677609801292419,-0.11626400053501129,-0.22342999279499054,0,0.02064099907875061,0.9207119941711426,-0.38969698548316956,0,0.25102299451828003,0.3725210130214691,0.8934289813041687,0,0,0.009270000271499157,-0.00008800000068731606,1,-0.09398999810218811,0.010937999933958054,-0.9955130219459534,0,0.8744900226593018,-0.4770300090312958,-0.08780600130558014,0,-0.475849986076355,-0.8788189888000488,0.03527100011706352,0,0.0057299998588860035,0.014665000140666962,-0.000028000000384054147,1,0.9253050088882446,0.3789750039577484,-0.0137339998036623,0,-0.2961370050907135,0.7447199821472168,0.5980759859085083,0,0.2368839979171753,-0.5493350028991699,0.8013219833374023,0,0,0.012098000384867191,0,1,0.10055000334978104,0.9948830008506775,0.009854000061750412,0,-0.9948959946632385,0.10045599937438965,0.009549000300467014,0,0.00851100031286478,-0.010764000006020069,0.9999060034751892,0,0,0.027411000803112984,0,1,0.8103730082511902,-0.13113999366760254,-0.5710489749908447,0,-0.17036600410938263,0.8797799944877625,-0.4438050091266632,0,0.5605980157852173,0.45693498849868774,0.690608024597168,0,0,0.029593000188469887,0,1,0.919448971748352,0.33446401357650757,-0.20675399899482727,0,-0.27008000016212463,0.9193379878997803,0.2861360013484955,0,0.2857789993286133,-0.20724700391292572,0.9356170296669006,0,-0.0045900000259280205,0.0013510000426322222,0,1,0.9284080266952515,0.37108200788497925,-0.018873000517487526,0,-0.36789199709892273,0.9251739978790283,0.09332600235939026,0,0.05209200084209442,-0.0797009989619255,0.9954569935798645,0,-0.0007719999994151294,0.003748999908566475,0,1,0.708736002445221,-0.697180986404419,0.10784699767827988,0,0.6404979825019836,0.6999800205230713,0.31589600443840027,0,-0.29572799801826477,-0.15481099486351013,0.9426440000534058,0,0.000678999989759177,0.005007000174373388,0,1,0.9571599960327148,0.21122799813747406,0.19805699586868286,0,-0.24556300044059753,0.9545940160751343,0.1686680018901825,0,-0.15343700349330902,-0.21007800102233887,0.965569019317627,0,0,0.004315999802201986,0.00010699999984353781,1,0.9999290108680725,-0.011137000285089016,0.0041680000722408295,0,0.00898400042206049,0.9371439814567566,0.348827987909317,0,-0.007790000177919865,-0.3487659990787506,0.9371780157089233,0,0.00016399999731220305,0.007973999716341496,0,1,0.9928820133209229,0.11495000123977661,0.031177999451756477,0,-0.10805899649858475,0.7593100070953369,0.6416950225830078,0,0.05008900165557861,-0.640496015548706,0.7663260102272034,0,-0.00015900000289548188,0.006316999904811382,0,1,0.08042600005865097,-0.028832999989390373,0.9963430166244507,0,-0.8833789825439453,-0.4650759994983673,0.05784900113940239,0,0.4617080092430115,-0.8848009705543518,-0.06287500262260437,0,-0.0057299998588860035,0.014665000140666962,0.000014999999621068127,1,0.917510986328125,-0.3637770116329193,-0.16074800491333008,0,0.37318798899650574,0.6477500200271606,0.6641920208930969,0,-0.13749299943447113,-0.6693919897079468,0.7300750017166138,0,0,0.012098000384867191,0,1,0.030355000868439674,-0.9995189905166626,-0.0064039998687803745,0,0.9995269775390625,0.030323000624775887,0.005067000165581703,0,-0.004871000070124865,-0.006554999854415655,0.9999669790267944,0,0,0.0274059996008873,0,1,0.7797070145606995,-0.13529999554157257,0.6113510131835938,0,0.12383300065994263,0.9904109835624695,0.06125599890947342,0,-0.6137769818305969,0.02794400043785572,0.788985013961792,0,0,0.02959199994802475,0,1,0.8222690224647522,-0.5337039828300476,0.19756799936294556,0,0.5592790246009827,0.822035014629364,-0.10707700252532959,0,-0.10526099801063538,0.19854199886322021,0.9744240045547485,0,0.004745999816805124,0.0019940000493079424,0,1,0.8863319754600525,0.46005600690841675,-0.0525749996304512,0,-0.44157499074935913,0.8739370107650757,0.20308899879455566,0,0.13937999308109283,-0.15678900480270386,0.9777479767799377,0,0.0011919999960809946,0.003942000214010477,0,1,0.7542240023612976,-0.6565300226211548,0.010696000419557095,0,0.6495770215988159,0.7436590194702148,-0.15817800164222717,0,0.09589400142431259,0.1262499988079071,0.9873530268669128,0,-0.00005500000042957254,0.004730000160634518,0,1,0.9929909706115723,0.11811099946498871,0.004265000112354755,0,-0.1108120009303093,0.9429600238800049,-0.3139210045337677,0,-0.041099000722169876,0.3112480044364929,0.9494400024414062,0,0,0.004207000136375427,0.0000870000003487803,1,0.9998729825019836,-0.012260000221431255,-0.010181000456213951,0,0.015876000747084618,0.7108370065689087,0.7031769752502441,0,-0.001383999944664538,-0.703249990940094,0.7109419703483582,0,-0.00018200000340584666,0.00800199992954731,0,1,0.9990339875221252,-0.043949998915195465,-0.0005339999916031957,0,0.04357500001788139,0.9887679815292358,0.14296799898147583,0,-0.005754999816417694,-0.1428530067205429,0.9897270202636719,0,0.00019999999494757503,0.006426000036299229,0,1,-0.8766689896583557,-0.25562500953674316,0.4075619876384735,0,0.4588870108127594,-0.6987199783325195,0.5488290190696716,0,0.1444769948720932,0.6681659817695618,0.7298499941825867,0,0.009217999875545502,-0.006147999782115221,0.0003760000108741224,1,0.9916669726371765,0.028346000239253044,0.125668004155159,0,0.0740870013833046,0.672544002532959,-0.7363389730453491,0,-0.10538899898529053,0.7395139932632446,0.6648399829864502,0,0,0.0336339995265007,0,1,0.9244340062141418,-0.3162379860877991,0.2131109982728958,0,-0.048172999173402786,0.45752501487731934,0.8878909945487976,0,-0.37828800082206726,-0.8310629725456238,0.4077169895172119,0,0,0.02593100070953369,0,1,0.9897099733352661,-0.00004199999966658652,-0.14308999478816986,0,0.09106399863958359,0.7715330123901367,0.6296380162239075,0,0.11037199944257736,-0.6361899971961975,0.7635970115661621,0,0,0.019648000597953796,0,1,-0.9294120073318481,0.1642729938030243,-0.33046698570251465,0,-0.31646299362182617,-0.815438985824585,0.4846760034561157,0,-0.18985599279403687,0.5550439953804016,0.8098649978637695,0,-0.009217999875545502,-0.006147999782115221,0.000391999987186864,1,0.9882659912109375,-0.037553999572992325,-0.14805500209331512,0,-0.08140099793672562,0.6906980276107788,-0.718546986579895,0,0.12924599647521973,0.7221680283546448,0.679535984992981,0,0,0.03362699970602989,0,1,0.929660975933075,0.30937498807907104,-0.2000409960746765,0,0.06687899678945541,0.39223799109458923,0.9174289703369141,0,0.3622939884662628,-0.8662769794464111,0.3439579904079437,0,0,0.02593499980866909,0,1,0.9895370006561279,-0.0058109997771680355,0.14416399598121643,0,-0.08769199997186661,0.7692369818687439,0.6329169869422913,0,-0.11457400023937225,-0.6389369964599609,0.7606790065765381,0,0,0.019809000194072723,0,1
K0.033,0.9481260180473328,-0.06344100087881088,0.3114989399909973,0,-0.0023919977247714996,0.9784330129623413,0.20655003190040588,0,-0.3178839385509491,-0.19658103585243225,0.9275270104408264,0,0.0004079977225046605,0.07187899947166443,-0.0014120010891929269,1,0.9995089769363403,0.030631987378001213,0.006516924127936363,0,-0.03084598295390606,0.998881995677948,0.03582696616649628,0,-0.005411925725638866,-0.03601096197962761,0.9993370175361633,0,0,0.011083999648690224,-0.00003600000127335079,1,0.9995710253715515,0.021463988348841667,0.019917942583560944,0,-0.02382798120379448,0.9915890097618103,0.12721097469329834,0,-0.01701994426548481,-0.12763096392154694,0.9916759729385376,0,0,0.012931999750435352,0,1,0.9995830059051514,0.022200988605618477,0.018469948321580887,0,-0.02437698096036911,0.9915480017662048,0.12742796540260315,0,-0.015484949573874474,-0.12782497704029083,0.9916759729385376,0,0,0.014778999611735344,0,1,0.9977729916572571,-0.04194199666380882,-0.05186996981501579,0,0.036566998809576035,0.9942600131034851,-0.10054897516965866,0,0.055789969861507416,0.09842798113822937,0.9935789704322815,0,0,0.016627000644803047,0,1,0.9695429801940918,-0.11823099106550217,-0.21449288725852966,0,0.026062043383717537,0.9205989837646484,-0.3896379768848419,0,0.24352890253067017,0.3721799850463867,0.8956430554389954,0,0,0.009270000271499157,-0.00008800000068731606,1,-0.09174895286560059,0.010874994099140167,-0.9957230091094971,0,0.8768770694732666,-0.47296690940856934,-0.08596396446228027,0,-0.47187790274620056,-0.881013035774231,0.033857978880405426,0,0.0057299998588860035,0.014665000140666962,-0.000028000000384054147,1,0.9183298945426941,0.3936091959476471,-0.041743263602256775,0,-0.292866051197052,0.7466310262680054,0.5973039269447327,0,0.26627129316329956,-0.5362968444824219,0.800927996635437,0,0,0.012098000384867191,0,1,0.11365005373954773,0.9934729933738708,0.00972799863666296,0,-0.9934859871864319,0.11355805397033691,0.009535999968647957,0,0.008368998765945435,-0.010747999884188175,0.9999070167541504,0,0,0.027411000803112984,0,1,0.8061147928237915,-0.1293909102678299,-0.5774392485618591,0,-0.16929303109645844,0.8845921158790588,-0.43455269932746887,0,0.5670252442359924,0.4480557441711426,0.6911789178848267,0,0,0.029593000188469887,0,1,0.919448971748352,0.3344630002975464,-0.20675499737262726,0,-0.27008000016212463,0.9193379878997803,0.2861349880695343,0,0.2857789993286133,-0.20724700391292572,0.9356170296669006,0,-0.0045900000259280205,0.0013510000426322222,0,1,0.9284089803695679,0.37108099460601807,-0.018873000517487526,0,-0.36789101362228394,0.9251739978790283,0.09332600235939026,0,0.05209200084209442,-0.0797009989619255,0.9954569935798645,0,-0.0007719999994151294,0.003748999908566475,0,1,0.708736002445221,-0.697180986404419,0.10784699767827988,0,0.6404979825019836,0.6999800205230713,0.31589600443840027,0,-0.29572799801826477,-0.15481099486351013,0.9426440000534058,0,0.000678999989759177,0.005007000174373388,0,1,0.9571599960327148,0.21122799813747406,0.19805699586868286,0,-0.24556300044059753,0.9545940160751343,0.1686680018901825,0,-0.15343700349330902,-0.21007800102233887,0.9655699729919434,0,0,0.004315999802201986,0.00010699999984353781,1,0.9999290108680725,-0.011137000285089016,0.0041669998317956924,0,0.00898400042206049,0.9371439814567566,0.348827987909317,0,-0.007790999952703714,-0.3487659990787506,0.9371770024299622,0,0.00016399999731220305,0.007973999716341496,0,1,0.9928820133209229,0.11495000123977661,0.031177999451756477,0,-0.10805799812078476,0.7593100070953369,0.6416940093040466,0,0.05008900165557861,-0.640496015548706,0.7663260102272034,0,-0.00015900000289548188,0.006316999904811382,0,1,0.08187609910964966,-0.030303025618195534,0.9961820244789124,0,-0.882423996925354,-0.4668249785900116,0.058326076716184616,0,0.4632749557495117,-0.8838310241699219,-0.06496206670999527,0,-0.0057299998588860035,0.014665000140666962,0.000014999999621068127,1,0.917602002620697,-0.3652609586715698,-0.15681500732898712,0,0.3691759705543518,0.6368509531021118,0.6768530607223511,0,-0.14735999703407288,-0.6789740324020386,0.7192209362983704,0,0,0.012098000384867191,0,1,0.05653339996933937,-0.9983819127082825,-0.006193998269736767,0,0.998388946056366,0.05650139972567558,0.005162999499589205,0,-0.004803996998816729,-0.00647599995136261,0.9999669790267944,0,0,0.0274059996008873,0,1,0.7515226006507874,-0.12914592027664185,0.6469424366950989,0,0.11649691313505173,0.9912199974060059,0.06254300475120544,0,-0.6493394374847412,0.028365006670355797,0.7599695920944214,0,0,0.02959199994802475,0,1,0.8222690224647522,-0.5337039828300476,0.19756799936294556,0,0.5592790246009827,0.822035014629364,-0.10707800090312958,0,-0.10525999963283539,0.19854199886322021,0.9744240045547485,0,0.004745999816805124,0.0019940000493079424,0,1,0.8863319754600525,0.46005600690841675,-0.0525749996304512,0,-0.4415760040283203,0.8739370107650757,0.20308999717235565,0,0.13937999308109283,-0.15678900480270386,0.9777479767799377,0,0.0011919999960809946,0.003942000214010477,0,1,0.7542240023612976,-0.6565300226211548,0.010696000419557095,0,0.6495770215988159,0.7436590194702148,-0.15817800164222717,0,0.09589499980211258,0.1262499988079071,0.9873530268669128,0,-0.00005500000042957254,0.004730000160634518,0,1,0.9929879903793335,0.11814100295305252,0.004269000142812729,0,-0.11082399636507034,0.9428439736366272,-0.31426501274108887,0,-0.04115299880504608,0.31158798933029175,0.9493259787559509,0,0,0.004207000136375427,0.0000870000003487803,1,0.9998729825019836,-0.012244000099599361,-0.01017099991440773,0,0.01585800014436245,0.7109789848327637,0.703033983707428,0,-0.0013769998913630843,-0.7031069993972778,0.7110829949378967,0,-0.00018200000340584666,0.00800199992954731,0,1,0.9990339875221252,-0.04394099861383438,-0.000531999918166548,0,0.04356599971652031,0.9887819886207581,0.14286799728870392,0,-0.005752000026404858,-0.14275400340557098,0.9897419810295105,0,0.00019999999494757503,0.006426000036299229,0,1,-0.87351393699646,-0.2579839825630188,0.4128170907497406,0,0.4633060395717621,-0.7008480429649353,0.5423649549484253,0,0.14940010011196136,0.6650239825248718,0.7317259907722473,0,0.009217999875545502,-0.006147999782115221,0.0003760000108741224,1,0.9913859963417053,0.015051907859742641,0.13010704517364502,0,0.08321106433868408,0.6947472095489502,-0.7144237756729126,0,-0.10114499181509018,0.719095766544342,0.6875102519989014,0,0,0.0336339995265007,0,1,0.9286460876464844,-0.2997948229312897,0.21849501132965088,0,-0.05350802466273308,0.47457918524742126,0.8785848617553711,0,-0.3670888841152191,-0.8275849223136902,0.4246741831302643,0,0,0.02593100070953369,0,1,0.9896910190582275,-0.00003900008960044943,-0.14322100579738617,0,0.09107799828052521,0.771917998790741,0.6291639804840088,0,0.11052998900413513,-0.6357219815254211,0.7639639973640442,0,0,0.019648000597953796,0,1,-0.9271499514579773,0.1548929214477539,-0.3411761224269867,0,-0.3120709955692291,-0.8231750726699829,0.4743359088897705,0,-0.20737618207931519,0.5462509393692017,0.8115450143814087,0,-0.009217999875545502,-0.006147999782115221,0.000391999987186864,1,0.9870370030403137,-0.033834926784038544,-0.1568860560655594,0,-0.08718706667423248,0.7076621055603027,-0.7011508941650391,0,0.1347460001707077,0.7057408690452576,0.6955381035804749,0,0,0.03362699970602989,0,1,0.9315710067749023,0.3037269413471222,-0.19981499016284943,0,0.06630699336528778,0.3984460234642029,0.914792001247406,0,0.35746294260025024,-0.8654419779777527,0.3510410189628601,0,0,0.02593499980866909,0,1,0.9895650148391724,-0.005651983432471752,0.14397698640823364,0,-0.08767399936914444,0.7693430185317993,0.6327909827232361,0,-0.11434398591518402,-0.6388109922409058,0.7608190178871155,0,0,0.019809000194072723,0,1
K0.067,0.9500409960746765,-0.06356800347566605,0.30558305978775024,0,-0.0021680023055523634,0.9776729941368103,0.21011896431446075,0,-0.3121170699596405,-0.2002839744091034,0.9286919832229614,0,0.00018200224440079182,0.07214900106191635,-0.0015109990490600467,1,0.9995700120925903,0.02928801253437996,-0.0010849244426935911,0,-0.029237017035484314,0.9990479946136475,0.03238503262400627,0,0.0020329260732978582,-0.03234003856778145,0.9994750022888184,0,0,0.011083999648690224,-0.00003600000127335079,1,0.999692976474762,0.020343011245131493,0.01413605734705925,0,-0.021939018741250038,0.9920650124549866,0.12380003929138184,0,-0.011506054550409317,-0.12407203763723373,0.9922069907188416,0,0,0.012931999750435352,0,1,0.9996920228004456,0.020996011793613434,0.013201052322983742,0,-0.022472018375992775,0.992027997970581,0.12399503588676453,0,-0.010493049398064613,-0.12425404042005539,0.9921950101852417,0,0,0.014778999611735344,0,1,0.997937023639679,-0.04159800335764885,-0.04889402911067009,0,0.03662800043821335,0.9944639801979065,-0.09848802536725998,0,0.05272002890706062,0.09649401903152466,0.9939360022544861,0,0,0.016627000644803047,0,1,0.9721270203590393,-0.11718200892210007,-0.20306912064552307,0,0.03034195676445961,0.921733021736145,-0.38663703203201294,0,0.23248210549354553,0.36969903111457825,0.8995969295501709,0,0,0.009270000271499157,-0.00008800000068731606,1,-0.08762304484844208,0.010360004380345345,-0.9961000084877014,0,0.8818509578704834,-0.46427208185195923,-0.08240203559398651,0,-0.46331408619880676,-0.8856319189071655,0.03154502063989639,0,0.0057299998588860035,0.014665000140666962,-0.000028000000384054147,1,0.9068871140480042,0.4158167839050293,-0.06821473687887192,0,-0.29848694801330566,0.748199999332428,0.5925390720367432,0,0.29742568731307983,-0.517005205154419,0.8026480078697205,0,0,0.012098000384867191,0,1,0.11907194554805756,0.9928380250930786,0.009676001034677029,0,-0.9928510189056396,0.11898094415664673,0.009530000388622284,0,0.008310001343488693,-0.010742000304162502,0.9999079704284668,0,0,0.027411000803112984,0,1,0.7883041501045227,-0.12021209299564362,-0.6034287810325623,0,-0.17179197072982788,0.8987228870391846,-0.40346530079841614,0,0.5908167362213135,0.42171725630760193,0.6878150701522827,0,0,0.029593000188469887,0,1,0.919448971748352,0.3344630002975464,-0.20675499737262726,0,-0.27008000016212463,0.9193379878997803,0.2861360013484955,0,0.2857789993286133,-0.20724700391292572,0.9356170296669006,0,-0.0045900000259280205,0.0013510000426322222,0,1,0.9284089803695679,0.37108099460601807,-0.018873000517487526,0,-0.36789101362228394,0.9251739978790283,0.09332600235939026,0,0.05209200084209442,-0.0797009989619255,0.9954569935798645,0,-0.0007719999994151294,0.003748999908566475,0,1,0.708736002445221,-0.697180986404419,0.10784699767827988,0,0.6404979825019836,0.6999800205230713,0.31589600443840027,0,-0.295727014541626,-0.15481099486351013,0.9426450133323669,0,0.000678999989759177,0.005007000174373388,0,1,0.9571599960327148,0.21122799813747406,0.19805699586868286,0,-0.24556300044059753,0.9545940160751343,0.1686680018901825,0,-0.15343700349330902,-0.21007800102233887,0.9655699729919434,0,0,0.004315999802201986,0.00010699999984353781,1,0.9999290108680725,-0.011137000285089016,0.0041680000722408295,0,0.00898400042206049,0.9371439814567566,0.348827987909317,0,-0.007790999952703714,-0.3487659990787506,0.9371770024299622,0,0.00016399999731220305,0.007973999716341496,0,1,0.9928820133209229,0.11495000123977661,0.031177999451756477,0,-0.10805899649858475,0.7593100070953369,0.6416950225830078,0,0.05008900165557861,-0.640496015548706,0.7663260102272034,0,-0.00015900000289548188,0.006316999904811382,0,1,0.09182790666818619,-0.03296097368001938,0.9952290058135986,0,-0.88373202085495,-0.4632890224456787,0.06619692593812943,0,0.45889702439308167,-0.8855940103530884,-0.07167193293571472,0,-0.0057299998588860035,0.014665000140666962,0.000014999999621068127,1,0.919035017490387,-0.3614080250263214,-0.15735000371932983,0,0.3657640218734741,0.6330890655517578,0.6822129487991333,0,-0.14694100618362427,-0.6845299601554871,0.7140210866928101,0,0,0.012098000384867191,0,1,0.09641960263252258,-0.9953230619430542,-0.006004001945257187,0,0.9953300356864929,0.09638960659503937,0.005132000427693129,0,-0.004529002588242292,-0.006471000146120787,0.9999690055847168,0,0,0.0274059996008873,0,1,0.7125953435897827,-0.1213550716638565,0.6909995675086975,0,0.10747808963060379,0.9921830296516418,0.06341299414634705,0,-0.693293571472168,0.02907899208366871,0.7200683951377869,0,0,0.02959199994802475,0,1,0.8222690224647522,-0.5337039828300476,0.19756799936294556,0,0.5592790246009827,0.822035014629364,-0.10707700252532959,0,-0.10525999963283539,0.19854199886322021,0.9744240045547485,0,0.004745999816805124,0.0019940000493079424,0,1,0.8863319754600525,0.46005600690841675,-0.0525749996304512,0,-0.4415760040283203,0.8739370107650757,0.20308899879455566,0,0.13937899470329285,-0.15678900480270386,0.9777479767799377,0,0.0011919999960809946,0.003942000214010477,0,1,0.7542240023612976,-0.6565300226211548,0.010696000419557095,0,0.6495770215988159,0.7436590194702148,-0.15817800164222717,0,0.09589499980211258,0.1262499988079071,0.9873530268669128,0,-0.00005500000042957254,0.004730000160634518,0,1,0.9929839968681335,0.11817000061273575,0.004273999948054552,0,-0.110835000872612,0.9427310228347778,-0.31460198760032654,0,-0.0412059985101223,0.31192100048065186,0.949213981628418,0,0,0.004207000136375427,0.0000870000003487803,1,0.9998739957809448,-0.012229000218212605,-0.010161000303924084,0,0.01584099978208542,0.7111150026321411,0.7028980255126953,0,-0.0013700000708922744,-0.702970027923584,0.711217999458313,0,-0.00018200000340584666,0.00800199992954731,0,1,0.9990339875221252,-0.04393300041556358,-0.0005290000699460506,0,0.04355800151824951,0.9887959957122803,0.14277300238609314,0,-0.005748999770730734,-0.142658993601799,0.9897549748420715,0,0.00019999999494757503,0.006426000036299229,0,1,-0.8704450726509094,-0.2556050419807434,0.42070290446281433,0,0.4657159745693207,-0.7044669389724731,0.5355690717697144,0,0.1594768911600113,0.6621119976043701,0.7322390079498291,0,0.009217999875545502,-0.006147999782115221,0.0003760000108741224,1,0.9908440113067627,0.005880091339349747,0.13488595187664032,0,0.0899779349565506,0.7160937786102295,-0.6921802163124084,0,-0.1006610095500946,0.697979211807251,0.709007740020752,0,0,0.0336339995265007,0,1,0.9336809515953064,-0.28256916999816895,0.2199859917163849,0,-0.05600297451019287,0.4915318191051483,0.8690571188926697,0,-0.35369810461997986,-0.8237420320510864,0.44310882687568665,0,0,0.02593100070953369,0,1,0.9897390007972717,-0.000047999910748330876,-0.14288699626922607,0,0.09104300290346146,0.7709349989891052,0.6303730010986328,0,0.11012601107358932,-0.6369140148162842,0.7630289793014526,0,0,0.019648000597953796,0,1,-0.9233270883560181,0.1481640636920929,-0.35427987575531006,0,-0.31133899092674255,-0.8288939595222473,0.4647620916366577,0,-0.22479882836341858,0.5394280552864075,0.8114690184593201,0,-0.009217999875545502,-0.006147999782115221,0.000391999987186864,1,0.9864209890365601,-0.02636907435953617,-0.16210494935512543,0,-0.09352193772792816,0.7211849093437195,-0.6864001154899597,0,0.13500699400901794,0.6922401189804077,0.7089259028434753,0,0,0.03362699970602989,0,1,0.9335759878158569,0.2985440492630005,-0.19826100766658783,0,0.0659240111708641,0.40071696043014526,0.9138270020484924,0,0.35226505994796753,-0.8661969900131226,0.35441896319389343,0,0,0.02593499980866909,0,1,0.9897630214691162,-0.0039960164576768875,0.14266501367092133,0,-0.08768299967050552,0.771685004234314,0.6299319863319397,0,-0.11261001229286194,-0.6359919905662537,0.7634350061416626,0,0,0.019809000194072723,0,1
