3.333,30,99,41
B0,mixamorig_Hips,-1,0.977607786655426,0.04329259321093559,-0.205233633518219,0,-0.07255914807319641,0.9879049062728882,-0.1366070806980133,0,0.19678258895874023,0.14855043590068817,0.9689683318138123,0,0.00026247164350934327,0.07275624573230743,0.0070260316133499146,1
B1,mixamorig_Spine,0,0.9958660006523132,0.03012554906308651,-0.08547745645046234,0,-0.033215899020433426,0.9988165497779846,-0.03430969640612602,0,0.08433865755796432,0.03700946271419525,0.9956884384155273,0,0,0.011083999648690224,-0.00003600000127335079,1
B2,mixamorig_Spine1,1,0.999232828617096,0.011834470555186272,-0.03724042326211929,0,-0.012730441056191921,0.999633252620697,-0.023687366396188736,0,0.036946482956409454,0.024143390357494354,0.9990169405937195,0,0,0.012931999750435352,0,1
B3,mixamorig_Spine2,2,0.9992286562919617,0.010741538368165493,-0.03769254684448242,0,-0.011641616001725197,0.9996507167816162,-0.023528659716248512,0,0.037426672875881195,0.02394896000623703,0.9990041255950928,0,0,0.014778999611735344,0,1
B4,mixamorig_Neck,3,0.9940123558044434,-0.10361814498901367,-0.03401650860905647,0,0.10565438866615295,0.992169201374054,0.06544456630945206,0,0.027038592845201492,-0.06866348534822464,0.9972174763679504,0,0,0.016627000644803047,0,1
B5,mixamorig_Head,4,0.991104245185852,-0.0025659583043307066,-0.12683409452438354,0,0.01596692018210888,0.9904547929763794,0.11679313331842422,0,0.12748399376869202,-0.11867589503526688,0.9823575019836426,0,0,0.009270000271499157,-0.00008800000068731606,1
B6,mixamorig_HeadTop_End,5,1,0,0,0,0,1,0,0,0,0,1,0,0,0.06014399975538254,-0.0005729999975301325,1
B7,mixamorig_LeftShoulder,3,0.12367450445890427,0.006432354915887117,-0.992188572883606,0,0.804500162601471,-0.5857903361320496,0.09637825191020966,0,-0.5805898308753967,-0.8103256225585938,-0.07779441028833389,0,0.0057299998588860035,0.014665000140666962,-0.000028000000384054147,1
B8,mixamorig_LeftArm,7,0.9410433173179626,-0.24274837970733643,0.23187048733234406,0,0.16226708889007568,0.9314036965370178,0.3211847245693207,0,-0.2957669198513031,-0.2653486430644989,0.9163092374801636,0,0,0.012098000384867191,0,1
B9,mixamorig_LeftForeArm,8,0.2277754843235016,0.7896993160247803,-0.5689578652381897,0,-0.9546352624893188,0.29473167657852173,0.026793645694851875,0,0.1889740228652954,0.5370373129844666,0.8219172954559326,0,0,0.027411000803112984,0,1
B10,mixamorig_LeftHand,9,0.951641857624054,0.30710235238075256,-0.0036776389461010695,0,-0.2586061656475067,0.8069448471069336,0.5294637680053711,0,0.1657440960407257,-0.5028848648071289,0.8473432064056396,0,0,0.029593000188469887,0,1
B11,mixamorig_LeftHandThumb1,10,0.9146972298622131,0.31410959362983704,-0.25429078936576843,0,-0.3068573474884033,0.9492660760879517,0.06878717988729477,0,0.26299628615379333,0.015111668035387993,0.9646779894828796,0,-0.0045900000259280205,0.0013510000426322222,0,1
B12,mixamorig_LeftHandThumb2,11,0.9900638461112976,-0.09779249876737595,-0.09375671297311783,0,0.12701652944087982,0.9029921889305115,0.4073367118835449,0,0.04370908811688423,-0.41495031118392944,0.9077672362327576,0,-0.0007719999994151294,0.003748999908566475,0,1
B13,mixamorig_LeftHandThumb3,12,0.791353166103363,-0.00006972852861508727,-0.6109460592269897,0,0.23529700934886932,0.922639012336731,0.3046676218509674,0,0.5638234615325928,-0.3850580155849457,0.7306079864501953,0,0.000678999989759177,0.005007000174373388,0,1
B14,mixamorig_LeftHandThumb4,13,1,0,0,0,0,1,0,0,0,0,1,0,0.00009300000237999484,0.0039969999343156815,0,1
B15,mixamorig_LeftHandIndex1,10,0.9976139068603516,-0.06707572191953659,0.01564924232661724,0,0.0670107752084732,0.9975121021270752,-0.00022070002160035074,0,-0.015515666455030441,0.0012523686746135354,0.9996429085731506,0,0,0.004315999802201986,0.00010699999984353781,1
B16,mixamorig_LeftHandIndex2,15,0.9971953630447388,0.06305114179849625,0.04004152864217758,0,-0.06715168058872223,0.523969292640686,0.8482500314712524,0,0.0326736681163311,-0.8485649228096008,0.5267557501792908,0,0.00016399999731220305,0.007973999716341496,0,1
B17,mixamorig_LeftHandIndex3,16,0.9911675453186035,0.12560154497623444,0.04254524037241936,0,-0.11629267781972885,0.6691192388534546,0.7339409589767456,0,0.06372436881065369,-0.732405960559845,0.67781662940979,0,-0.00015900000289548188,0.006316999904811382,0,1
B18,mixamorig_LeftHandIndex4,17,1,0,0,0,0,1,0,0,0,0,1,0,-0.000004999999873689376,0.005096999928355217,0,1
B19,mixamorig_RightShoulder,3,0.31477808952331543,-0.005869047716259956,0.9491413235664368,0,-0.7797375917434692,-0.5717241168022156,0.2550726532936096,0,0.5411605834960938,-0.820382833480835,-0.18451866507530212,0,-0.0057299998588860035,0.014665000140666962,0.000014999999621068127,1
B20,mixamorig_RightArm,19,0.7985498309135437,0.6012395024299622,0.0019581879023462534,0,-0.4560258686542511,0.6031712889671326,0.6540300250053406,0,0.3918423056602478,-0.5232297778129578,0.7563811540603638,0,0,0.012098000384867191,0,1
B21,mixamorig_RightForeArm,20,-0.15280947089195251,-0.9622037410736084,0.21885663270950317,0,0.9840694069862366,-0.16842186450958252,-0.05527549609541893,0,0.08946670591831207,0.2069631665945053,0.9727836847305298,0,0,0.0274059996008873,0,1
B22,mixamorig_RightHand,21,0.9924083352088928,0.09751033782958984,0.07326427847146988,0,-0.12191087752580643,0.8061545491218567,0.5784288048744202,0,-0.002337491838261485,-0.5830821394920349,0.8121484518051147,0,0,0.02959199994802475,0,1
B23,mixamorig_RightHandThumb1,22,0.9392247200012207,-0.2337004691362381,0.2514723241329193,0,0.22399109601974487,0.9722840189933777,0.06698799133300781,0,-0.2601565420627594,-0.006590122357010841,0.9655432105064392,0,0.004745999816805124,0.0019940000493079424,0,1
B24,mixamorig_RightHandThumb2,23,0.9790412783622742,0.1533631831407547,0.13368475437164307,0,-0.1937597244977951,0.9029667377471924,0.3833799660205841,0,-0.06186516210436821,-0.4012313187122345,0.9138404726982117,0,0.0011919999960809946,0.003942000214010477,0,1
B25,mixamorig_RightHandThumb3,24,0.769585371017456,-0.25989246368408203,0.5832193493843079,0,0.06430227309465408,0.9401280879974365,0.3342736065387726,0,-0.6352184414863586,-0.21975646913051605,0.7401931285858154,0,-0.00005500000042957254,0.004730000160634518,0,1
B26,mixamorig_RightHandThumb4,25,1,0,0,0,0,1,0,0,0,0,1,0,-0.00113800005055964,0.003444999922066927,0,1
B27,mixamorig_RightHandIndex1,22,0.9992838501930237,-0.030418355017900467,-0.02062685415148735,0,0.027714252471923828,0.9919424057006836,-0.122382253408432,0,0.02431543730199337,0.12175337225198746,0.9921406507492065,0,0,0.004207000136375427,0.0000870000003487803,1
B28,mixamorig_RightHandIndex2,27,0.9994819164276123,-0.0251986775547266,-0.019799532368779182,0,0.03043396770954132,0.5562552809715271,0.8298112750053406,0,-0.009985221549868584,-0.8299866318702698,0.5567420721054077,0,-0.00018200000340584666,0.00800199992954731,0,1
B29,mixamorig_RightHandIndex3,28,0.9966214895248413,-0.08084078133106232,-0.014178143814206123,0,0.0745810866355896,0.8201257586479187,0.5662222504615784,0,-0.03425360471010208,-0.5653637647628784,0.8233937621116638,0,0.00019999999494757503,0.006426000036299229,0,1
B30,mixamorig_RightHandIndex4,29,1,0,0,0,0,1,0,0,0,0,1,0,-0.000018000000636675395,0.005113999824970961,0,1
B31,mixamorig_LeftUpLeg,0,-0.9403547644615173,-0.13279369473457336,0.31318891048431396,0,0.22266405820846558,-0.9363099336624146,0.27155476808547974,0,0.2571827173233032,0.3250906765460968,0.9100353121757507,0,0.009217999875545502,-0.006147999782115221,0.0003760000108741224,1
B32,mixamorig_LeftLeg,31,0.9358568787574768,-0.18081875145435333,-0.3017071783542633,0,-0.0665891245007515,0.7519458532333374,-0.6547670364379883,0,0.3455440402030945,0.6327343583106995,0.6917243003845215,0,0,0.0336339995265007,0,1
B33,mixamorig_LeftFoot,32,0.9553298354148865,-0.18286903202533722,0.23212024569511414,0,-0.14200468361377716,0.4037865400314331,0.9032027125358582,0,-0.2589271068572998,-0.895815372467041,0.359769731760025,0,0,0.02593100070953369,0,1
B34,mixamorig_LeftToeBase,33,0.9926647543907166,0.00234986818395555,-0.12086760997772217,0,0.07599038630723953,0.7654709815979004,0.6389574408531189,0,0.09401794523000717,-0.6434572339057922,0.759678840637207,0,0,0.019648000597953796,0,1
B35,mixamorig_LeftToe_End,34,1,0,0,0,0,1,0,0,0,0,1,0,0,0.007304999977350235,0,1
B36,mixamorig_RightUpLeg,0,-0.8381030559539795,0.4429445266723633,-0.3180901110172272,0,-0.3104137182235718,-0.8669258952140808,-0.3889361023902893,0,-0.4483771026134491,-0.22706277668476105,0.8641413450241089,0,-0.009217999875545502,-0.006147999782115221,0.000391999987186864,1
B37,mixamorig_RightLeg,36,0.8477893471717834,-0.08742938935756683,-0.5230269432067871,0,-0.13045164942741394,0.9216234087944031,-0.3654942214488983,0,0.513995349407196,0.37808069586753845,0.7699442505836487,0,0,0.03362699970602989,0,1
B38,mixamorig_RightFoot,37,0.8744567036628723,0.4519839882850647,-0.17498664557933807,0,-0.03187307342886925,0.41387704014778137,0.9096865653991699,0,0.4836653172969818,-0.7899437546730042,0.3765665888786316,0,0,0.02593499980866909,0,1
B39,mixamorig_RightToeBase,38,0.9937415719032288,0.0003261954116169363,0.11160306632518768,0,-0.07042756676673889,0.7775055170059204,0.6249043345451355,0,-0.08657733350992203,-0.628869891166687,0.772664487361908,0,0,0.019809000194072723,0,1
B40,mixamorig_RightToe_End,39,1,0,0,0,0,1,0,0,0,0,1,0,0,0.007304999977350235,0,1
@34,0,1,2,3,4,5,7,8,9,10,11,12,13,15,16,17,19,20,21,22,23,24,25,27,28,29,31,32,33,34,36,37,38,39
K0.000,0.9497920274734497,-0.05832500010728836,0.3073990046977997,0,-0.002836999949067831,0.9808260202407837,0.19486500322818756,0,-0.31286999583244324,-0.18595300614833832,0.9314150214195251,0,0.00060299999313429,0.0716169998049736,-0.0013559999642893672,1,0.9994360208511353,0.0316540002822876,0.011225000023841858,0,-0.03209799900650978,0.9986090064048767,0.04184100031852722,0,-0.009885000064969063,-0.04217800125479698,0.9990609884262085,0,0,0.011083999648690224,-0.00003600000127335079,1,0.9994909763336182,0.022224999964237213,0.02286900021135807,0,-0.0249439999461174,0.9916539788246155,0.1264919936656952,0,-0.019866999238729477,-0.12699800729751587,0.991703987121582,0,0,0.012931999750435352,0,1,0.9995160102844238,0.022962000221014023,0.020986000075936317,0,-0.02544100023806095,0.9916139841079712,0.1267080008983612,0,-0.017900999635457993,-0.12717999517917633,0.9917179942131042,0,0,0.014778999611735344,0,1,0.9975579977035522,-0.04570399969816208,-0.05280999839305878,0,0.04068100079894066,0.9948750138282776,-0.09256400167942047,0,0.056770000606775284,0.09018900245428085,0.9943050146102905,0,0,0.016627000644803047,0,1,0.9698269963264465,-0.10834299772977829,-0.21839599311351776,0,0.01716800034046173,0.9239519834518433,-0.3821229934692383,0,0.24318799376487732,0.3668439984321594,0.8979340195655823,0,0,0.009270000271499157,-0.00008800000068731606,1,-0.07684099674224854,0.013349000364542007,-0.9969540238380432,0,0.8712610006332397,-0.48526298999786377,-0.07365100085735321,0,-0.48476800322532654,-0.8742660284042358,0.02565700002014637,0,0.0057299998588860035,0.014665000140666962,-0.000028000000384054147,1,0.9336550235748291,0.3580839931964874,-0.008067999966442585,0,-0.282463014125824,0.7499589920043945,0.598143994808197,0,0.22023600339889526,-0.556181013584137,0.8013479709625244,0,0,0.012098000384867191,0,1,0.10323300212621689,0.9944810271263123,-0.01873200014233589,0,-0.9946079850196838,0.10339699685573578,0.008035000413656235,0,0.009926999919116497,0.01780099980533123,0.9997919797897339,0,0,0.027411000803112984,0,1,0.8185889720916748,-0.10857900232076645,-0.5640239715576172,0,-0.16996300220489502,0.892204999923706,-0.41843000054359436,0,0.5486570000648499,0.438385009765625,0.7118939757347107,0,0,0.029593000188469887,0,1,0.9191709756851196,0.3342460095882416,-0.2083349972963333,0,-0.2716130018234253,0.9209979772567749,0.27926701307296753,0,0.2852199971675873,-0.20010800659656525,0.9373400211334229,0,-0.0045900000259280205,0.0013510000426322222,0,1,0.9313849806785583,0.3633280098438263,-0.022678999230265617,0,-0.35962700843811035,0.9279860258102417,0.09752299636602402,0,0.05647899955511093,-0.082676000893116,0.9949749708175659,0,-0.0007719999994151294,0.003748999908566475,0,1,0.7320550084114075,-0.6765900254249573,0.07950600236654282,0,0.6219679713249207,0.7114049792289734,0.3271990120410919,0,-0.2779409885406494,-0.190078005194664,0.9416049718856812,0,0.000678999989759177,0.005007000174373388,0,1,0.960440993309021,0.19985100626945496,0.19393999874591827,0,-0.23465000092983246,0.9558089971542358,0.1771100014448166,0,-0.1499740034341812,-0.21561199426651,0.9648929834365845,0,0,0.004315999802201986,0.00010699999984353781,1,0.9999319911003113,-0.010882999747991562,0.0041669998317956924,0,0.00873200036585331,0.936489999294281,0.350585013628006,0,-0.007718000095337629,-0.35052499175071716,0.9365220069885254,0,0.00016399999731220305,0.007973999716341496,0,1,0.9930409789085388,0.11380299925804138,0.030321000143885612,0,-0.10718099772930145,0.7665659785270691,0.6331580281257629,0,0.048813000321388245,-0.6320009827613831,0.7734280228614807,0,-0.00015900000289548188,0.006316999904811382,0,1,-0.11121000349521637,-0.03570599853992462,0.9931550025939941,0,-0.8973439931869507,-0.42587101459503174,-0.11579199880361557,0,0.42708998918533325,-0.904079020023346,0.015320000238716602,0,-0.0057299998588860035,0.014665000140666962,0.000014999999621068127,1,0.8904290199279785,-0.4269540011882782,-0.15762899816036224,0,0.3949669897556305,0.552823007106781,0.7337489724159241,0,-0.2261359989643097,-0.7156100273132324,0.6608819961547852,0,0,0.012098000384867191,0,1,0.04322399944067001,-0.9812819957733154,-0.1876630038022995,0,0.9951419830322266,0.02565700002014637,0.09504800289869308,0,-0.0884540006518364,-0.19086000323295593,0.9776239991188049,0,0,0.0274059996008873,0,1,0.8442890048027039,-0.10515099763870239,0.5254709720611572,0,0.050214000046253204,0.991769015789032,0.11778199672698975,0,-0.5335310101509094,-0.07305599749088287,0.842619001865387,0,0,0.02959199994802475,0,1,0.8275319933891296,-0.5247870087623596,0.1994740068912506,0,0.5500810146331787,0.8289600014686584,-0.10117799788713455,0,-0.11225900053977966,0.19345499575138092,0.9746659994125366,0,0.004745999816805124,0.0019940000493079424,0,1,0.891120970249176,0.4514090120792389,-0.0461839996278286,0,-0.4332920014858246,0.8767229914665222,0.20884199440479279,0,0.13476400077342987,-0.16609199345111847,0.9768580198287964,0,0.0011919999960809946,0.003942000214010477,0,1,0.7670699954032898,-0.640995979309082,0.0270019993185997,0,0.6380379796028137,0.7577710151672363,-0.13671499490737915,0,0.06717199832201004,0.12209899723529816,0.9902420043945312,0,-0.00005500000042957254,0.004730000160634518,0,1,0.9938759803771973,0.11029200255870819,0.006783000193536282,0,-0.10335099697113037,0.9495409727096558,-0.29612401127815247,0,-0.03909999877214432,0.29361000657081604,0.9551249742507935,0,0,0.004207000136375427,0.0000870000003487803,1,0.9998779892921448,-0.01192300021648407,-0.010118000209331512,0,0.015595999546349049,0.7133219838142395,0.7006629705429077,0,-0.0011360000353306532,-0.7007349729537964,0.7134209871292114,0,-0.00018200000340584666,0.00800199992954731,0,1,0.9990440011024475,-0.043706998229026794,-0.0004419999895617366,0,0.043338000774383545,0.9891840219497681,0.14013299345970154,0,-0.005688000004738569,-0.14001800119876862,0.9901329874992371,0,0.00019999999494757503,0.006426000036299229,0,1,-0.8786529898643494,-0.25265300273895264,0.40513500571250916,0,0.45415499806404114,-0.7041140198707581,0.5458629727363586,0,0.14734700322151184,0.6636180281639099,0.7334160208702087,0,0.009217999875545502,-0.006147999782115221,0.0003760000108741224,1,0.9929320216178894,0.021609999239444733,0.11669699847698212,0,0.07133200019598007,0.677187979221344,-0.7323439717292786,0,-0.09485200047492981,0.735493004322052,0.6708599925041199,0,0,0.0336339995265007,0,1,0.9258880019187927,-0.3106650114059448,0.21498499810695648,0,-0.051284000277519226,0.4604310095310211,0.8862130045890808,0,-0.3743009865283966,-0.8315590023994446,0.4103749990463257,0,0,0.02593100070953369,0,1,0.9892690181732178,0.003375000087544322,-0.1460680067539215,0,0.09038499742746353,0.7713419795036316,0.6299700140953064,0,0.11479499936103821,-0.6364120244979858,0.7627599835395813,0,0,0.019648000597953796,0,1,-0.9293079972267151,0.168723002076149,-0.32850900292396545,0,-0.31683099269866943,-0.8212839961051941,0.4744580090045929,0,-0.18974700570106506,0.5450000166893005,0.8166829943656921,0,-0.009217999875545502,-0.006147999782115221,0.000391999987186864,1,0.9866719841957092,-0.048914000391960144,-0.15519900619983673,0,-0.07892700284719467,0.6901940107345581,-0.719307005405426,0,0.142302006483078,0.7219690084457397,0.6771339774131775,0,0,0.03362699970602989,0,1,0.9284030199050903,0.31384900212287903,-0.19891099631786346,0,0.06452500075101852,0.3910120129585266,0.9181209802627563,0,0.3659279942512512,-0.8652210235595703,0.3427659869194031,0,0,0.02593499980866909,0,1,0.9903770089149475,-0.000813000020571053,0.13839499652385712,0,-0.08812099695205688,0.7673699855804443,0.6351209878921509,0,-0.10671599954366684,-0.6412039995193481,0.7599130272865295,0,0,0.019809000194072723,0,1
K0.033,0.9592981338500977,-0.05090990662574768,0.2777676582336426,0,0.0014780296478420496,0.9845070838928223,0.1753377616405487,0,-0.28239065408706665,-0.16779077053070068,0.9445111155509949,0,0.00043999828631058335,0.07171999663114548,-0.0012469987850636244,1,0.999538004398346,0.02834295481443405,0.010960984975099564,0,-0.028863955289125443,0.9982960224151611,0.05071808770298958,0,-0.009504985064268112,-0.05101009085774422,0.998652994632721,0,0,0.011083999648690224,-0.00003600000127335079,1,0.9995779991149902,0.020128972828388214,0.02094697393476963,0,-0.022478967905044556,0.9926630258560181,0.11880291253328323,0,-0.01840198040008545,-0.11922390758991241,0.99269700050354,0,0,0.012931999750435352,0,1,0.9995980262756348,0.020801972597837448,0.01923997700214386,0,-0.022947968915104866,0.9926289916038513,0.11899790912866592,0,-0.01662198267877102,-0.11939191073179245,0.9927080273628235,0,0,0.014778999611735344,0,1,0.9979050159454346,-0.0411299467086792,-0.049933962523937225,0,0.03768296167254448,0.9969649910926819,-0.06811568886041641,0,0.052583951503038406,0.06609168648719788,0.9964269995689392,0,0,0.016627000644803047,0,1,0.9746050834655762,-0.08695873618125916,-0.20635885000228882,0,0.006984875537455082,0.9328781366348267,-0.36012566089630127,0,0.22382375597953796,0.34953874349594116,0.9097941517829895,0,0,0.009270000271499157,-0.00008800000068731606,1,-0.03255051001906395,0.01797802932560444,-0.9993079900741577,0,0.8619818687438965,-0.5055742263793945,-0.0371725969016552,0,-0.5058932304382324,-0.8625958561897278,0.000960725184995681,0,0.0057299998588860035,0.014665000140666962,-0.000028000000384054147,1,0.9530152082443237,0.30285540223121643,0.006359162740409374,0,-0.24623863399028778,0.7622861266136169,0.5985699892044067,0,0.1764325201511383,-0.5720121264457703,0.8010450005531311,0,0,0.012098000384867191,0,1,0.10848507285118103,0.9898129105567932,-0.0922037661075592,0,-0.994005024433136,0.1092790737748146,0.0035909514408558607,0,0.013630049303174019,0.09126176685094833,0.9957338571548462,0,0,0.027411000803112984,0,1,0.8391642570495605,-0.05209643021225929,-0.5413777232170105,0,-0.16977298259735107,0.9205722212791443,-0.351743221282959,0,0.5167016386985779,0.3870813548564911,0.7636665105819702,0,0,0.029593000188469887,0,1,0.9184899926185608,0.3335449993610382,-0.21242204308509827,0,-0.2754700183868408,0.92507404088974,0.2614477872848511,0,0.28371095657348633,-0.18162178993225098,0.9415530562400818,0,-0.0045900000259280205,0.0013510000426322222,0,1,0.9381950497627258,0.3445148169994354,-0.033160123974084854,0,-0.33936378359794617,0.934505045413971,0.1073920950293541,0,0.06798612326383591,-0.08950106054544449,0.993664026260376,0,-0.0007719999994151294,0.003748999908566475,0,1,0.7883785367012024,-0.6151212453842163,0.009195282123982906,0,0.5723664164543152,0.7388962507247925,0.3555693030357361,0,-0.2255123257637024,-0.2750598192214966,0.9346048831939697,0,0.000678999989759177,0.005007000174373388,0,1,0.96819007396698,0.17112569510936737,0.18254686892032623,0,-0.20678870379924774,0.9579949975013733,0.19870422780513763,0,-0.1408758908510208,-0.23013216257095337,0.9629089832305908,0,0,0.004315999802201986,0.00010699999984353781,1,0.9999390244483948,-0.010224993340671062,0.004170000087469816,0,0.008077993057668209,0.9347800016403198,0.355135053396225,0,-0.0075299981981515884,-0.3550800681114197,0.9348059892654419,0,0.00016399999731220305,0.007973999716341496,0,1,0.9934430122375488,0.11080396920442581,0.02816597744822502,0,-0.1048559695482254,0.7848681807518005,0.6107277870178223,0,0.045563966035842896,-0.6096767783164978,0.791340172290802,0,-0.00015900000289548188,0.006316999904811382,0,1,-0.07759856432676315,-0.0421210415661335,0.9960939884185791,0,-0.8941798806190491,-0.4389302432537079,-0.08821964263916016,0,0.4409322440624237,-0.8975328803062439,-0.0036032109055668116,0,-0.0057299998588860035,0.014665000140666962,0.000014999999621068127,1,0.9135332107543945,-0.37432533502578735,-0.15917697548866272,0,0.3631955683231354,0.574432373046875,0.7335639595985413,0,-0.18315544724464417,-0.7279470562934875,0.6607170701026917,0,0,0.012098000384867191,0,1,0.03948790580034256,-0.9913380742073059,-0.12525931000709534,0,0.9959520101547241,0.028917968273162842,0.08510991185903549,0,-0.08074994385242462,-0.1281132996082306,0.9884670376777649,0,0,0.0274059996008873,0,1,0.8689822554588318,-0.10686687380075455,0.48316654562950134,0,0.03322971984744072,0.986799955368042,0.15849541127681732,0,-0.49372655153274536,-0.121674545109272,0.8610631823539734,0,0,0.02959199994802475,0,1,0.8407021164894104,-0.5014577507972717,0.20435406267642975,0,0.5257067084312439,0.8463071584701538,-0.08600383251905441,0,-0.12981918454170227,0.17973384261131287,0.9751120209693909,0,0.004745999816805124,0.0019940000493079424,0,1,0.9028781056404114,0.42887571454048157,-0.029614828526973724,0,-0.4121537208557129,0.8831440806388855,0.22402313351631165,0,0.1222328394651413,-0.19005922973155975,0.9741340279579163,0,0.0011919999960809946,0.003942000214010477,0,1,0.7956042289733887,-0.6014885902404785,0.07229259610176086,0,0.6057696342468262,0.7913593053817749,-0.08242443948984146,0,-0.007631863933056593,0.10936887562274933,0.9939719438552856,0,-0.00005500000042957254,0.004730000160634518,0,1,0.995697021484375,0.09187980741262436,0.012049038894474506,0,-0.08512281626462936,0.9582661390304565,-0.2729116976261139,0,-0.03662096709012985,0.2707117199897766,0.9619630575180054,0,0,0.004207000136375427,0.0000870000003487803,1,0.999862015247345,-0.012626000680029392,-0.010773003101348877,0,0.01654200255870819,0.7054380178451538,0.7085790038108826,0,-0.001346999197266996,-0.7086600065231323,0.7055490016937256,0,-0.00018200000340584666,0.00800199992954731,0,1,0.9990059733390808,-0.04457901045680046,-0.0004160000244155526,0,0.04413400590419769,0.9876300096511841,0.15046212077140808,0,-0.006297007203102112,-0.15033112466335297,0.9886159896850586,0,0.00019999999494757503,0.006426000036299229,0,1,-0.8840310573577881,-0.24404889345169067,0.3986589312553406,0,0.4408378601074219,-0.7188601493835449,0.5374958515167236,0,0.15540409088134766,0.6509078145027161,0.7430810928344727,0,0.009217999875545502,-0.006147999782115221,0.0003760000108741224,1,0.995510995388031,0.005820824299007654,0.09446574747562408,0,0.06443292647600174,0.6894121170043945,-0.7214978933334351,0,-0.06932570785284042,0.724345862865448,0.6859421730041504,0,0,0.0336339995265007,0,1,0.930340051651001,-0.29394179582595825,0.21924105286598206,0,-0.05967509746551514,0.46854710578918457,0.8814209699630737,0,-0.3618108630180359,-0.8331040143966675,0.41836610436439514,0,0,0.02593100070953369,0,1,0.9877719879150391,0.01222911849617958,-0.15542711317539215,0,0.08962599188089371,0.7711870074272156,0.6302689909934998,0,0.12757116556167603,-0.6364920139312744,0.76065993309021,0,0,0.019648000597953796,0,1,-0.9291099905967712,0.18021415174007416,-0.32291996479034424,0,-0.3179290294647217,-0.8352681398391724,0.4486066699028015,0,-0.18888001143932343,0.5194706916809082,0.833351194858551,0,-0.009217999875545502,-0.006147999782115221,0.000391999987186864,1,0.9816619157791138,-0.07895229756832123,-0.17351318895816803,0,-0.07256495207548141,0.6869169473648071,-0.7231040596961975,0,0.17628034949302673,0.7224339842796326,0.6685909032821655,0,0,0.03362699970602989,0,1,0.9255139827728271,0.3238060772418976,-0.19640296697616577,0,0.05946597456932068,0.38791489601135254,0.9197750687599182,0,0.3740170896053314,-0.8629429936408997,0.33976492285728455,0,0,0.02593499980866909,0,1,0.991100013256073,0.0025681268889456987,0.13309389352798462,0,-0.08757101744413376,0.7655970454216003,0.6373319029808044,0,-0.10025884956121445,-0.6433148980140686,0.7590091228485107,0,0,0.019809000194072723,0,1
K0.067,0.9687748551368713,-0.04174209013581276,0.24440433084964752,0,0.004441970493644476,0.9884909391403198,0.15121524035930634,0,-0.24790334701538086,-0.14540722966194153,0.9578098654747009,0,0.00026800172054208815,0.07186199724674225,-0.0011360010830685496,1,0.9996680021286011,0.023945042863488197,0.009488014504313469,0,-0.024470042437314987,0.9979150295257568,0.05973090976476669,0,-0.008038015104830265,-0.05994291231036186,0.9981690049171448,0,0,0.011083999648690224,-0.00003600000127335079,1,0.9996790289878845,0.01740102842450142,0.018431024625897408,0,-0.019327031448483467,0.9937350153923035,0.11007808893918991,0,-0.016400020569562912,-0.11039908975362778,0.9937520027160645,0,0,0.012931999750435352,0,1,0.9996950030326843,0.017976028844714165,0.016945023089647293,0,-0.019737031310796738,0.9937080144882202,0.11025308817625046,0,-0.014856018126010895,-0.1105530858039856,0.9937589764595032,0,0,0.014778999611735344,0,1,0.9982830286026001,-0.035791050642728806,-0.046360038220882416,0,0.034101035445928574,0.9987429976463318,-0.03674031421542168,0,0.04761604964733124,0.03509631007909775,0.9982489943504333,0,0,0.016627000644803047,0,1,0.9797019362449646,-0.06077625975012779,-0.19102415442466736,0,-0.005434876773506403,0.9445288777351379,-0.32838231325149536,0,0.20038524270057678,0.32275527715682983,0.9250268340110779,0,0,0.009270000271499157,-0.00008800000068731606,1,0.016562512144446373,0.020910970866680145,-0.9996439814567566,0,0.849320113658905,-0.5278687477111816,0.0030296004842966795,0,-0.5276177525520325,-0.8490681052207947,-0.02650272659957409,0,0.0057299998588860035,0.014665000140666962,-0.000028000000384054147,1,0.9695418477058411,0.24387958645820618,0.022598838433623314,0,-0.20859937369823456,0.7738728523254395,0.5980029702186584,0,0.12835247814655304,-0.5845028758049011,0.8011749982833862,0,0,0.012098000384867191,0,1,0.11558893322944641,0.9787980914115906,-0.16909824311733246,0,-0.9931240081787109,0.11705992370843887,-0.0012759516248479486,0,0.018545951694250107,0.16808323562145233,0.9855981469154358,0,0,0.027411000803112984,0,1,0.8604097366333008,0.004795434884727001,-0.5095803141593933,0,-0.1684350222349167,0.9464327692985535,-0.2754887342453003,0,0.4809623658657074,0.3228646218776703,0.8151274919509888,0,0,0.029593000188469887,0,1,0.9178079962730408,0.33255699276924133,-0.21687495708465576,0,-0.279509961605072,0.9291679263114929,0.2419101893901825,0,0.2819620370864868,-0.1614091992378235,0.9457509517669678,0,-0.0045900000259280205,0.0013510000426322222,0,1,0.9444059133529663,0.3256321847438812,-0.045399878174066544,0,-0.3187152147293091,0.9406289458274841,0.11678190529346466,0,0.08073287457227707,-0.09581893682479858,0.9921190142631531,0,-0.0007719999994151294,0.003748999908566475,0,1,0.8419074416160583,-0.5359838008880615,-0.06254828721284866,0,0.5157605409622192,0.7651707530021667,0.38536369800567627,0,-0.15868866443634033,-0.35670119524002075,0.9206421375274658,0,0.000678999989759177,0.005007000174373388,0,1,0.9755379557609558,0.14082330465316772,0.16880212724208832,0,-0.17677730321884155,0.9589800238609314,0.2215997725725174,0,-0.13067109882831573,-0.24601884186267853,0.9604160189628601,0,0,0.004315999802201986,0.00010699999984353781,1,0.9999459981918335,-0.009538006968796253,0.004170000087469816,0,0.007399006746709347,0.9329779744148254,0.3598559498786926,0,-0.007323001977056265,-0.3598059415817261,0.93299800157547,0,0.00016399999731220305,0.007973999716341496,0,1,0.9938709735870361,0.10746502876281738,0.025917021557688713,0,-0.10221502929925919,0.8040708303451538,0.5856812596321106,0,0.042102035135030746,-0.5847402215003967,0.8101268410682678,0,-0.00015900000289548188,0.006316999904811382,0,1,-0.034730423241853714,-0.04603796452283859,0.9983360171318054,0,-0.8851281404495239,-0.4624207615852356,-0.052116356790065765,0,0.464049756526947,-0.885465145111084,-0.02468978986144066,0,-0.0057299998588860035,0.014665000140666962,0.000014999999621068127,1,0.938363790512085,-0.3082306683063507,-0.15642403066158295,0,0.32080140709877014,0.6081306338310242,0.7261300683021545,0,-0.12868954241275787,-0.7315539121627808,0.6695279479026794,0,0,0.012098000384867191,0,1,0.03009609319269657,-0.9979389309883118,-0.056672681123018265,0,0.9967719912528992,0.02574303187429905,0.07604608684778214,0,-0.07443005591630936,-0.05877868831157684,0.9954919219017029,0,0,0.0274059996008873,0,1,0.8940407633781433,-0.09416612982749939,0.4379774332046509,0,0.0053252773359417915,0.9798230528831482,0.19979457557201385,0,-0.4479544460773468,-0.17629146575927734,0.8765038251876831,0,0,0.02959199994802475,0,1,0.85434490442276,-0.4755662679672241,0.2095959484577179,0,0.4981682598590851,0.8642838001251221,-0.0695771649479866,0,-0.1480618268251419,0.16385716199874878,0.9753090143203735,0,0.004745999816805124,0.0019940000493079424,0,1,0.916770875453949,0.39921829104423523,-0.012487170286476612,0,-0.3851332664489746,0.8918469548225403,0.2372368723154068,0,0.10584616661071777,-0.2126827836036682,0.9713720083236694,0,0.0011919999960809946,0.003942000214010477,0,1,0.8177497386932373,-0.5601963996887207,0.13215740025043488,0,0.5678533315658569,0.8227066993713379,-0.026368556544184685,0,-0.0939551442861557,0.09660912305116653,0.9908780455589294,0,-0.00005500000042957254,0.004730000160634518,0,1,0.9972590208053589,0.07224419713020325,0.015955960378050804,0,-0.06617318838834763,0.9674238562583923,-0.24435828626155853,0,-0.03309003263711929,0.24263328313827515,0.9695539474487305,0,0,0.004207000136375427,0.0000870000003487803,1,0.9998589754104614,-0.012681999243795872,-0.011023997329175472,0,0.016755998134613037,0.7033050060272217,0.710690975189209,0,-0.0012600008631125093,-0.7107750177383423,0.7034180164337158,0,-0.00018200000340584666,0.00800199992954731,0,1,0.998960018157959,-0.04559998959302902,-0.00041799998143687844,0,0.04506099224090576,0.9856730103492737,0.16253387928009033,0,-0.006999993231147528,-0.16238388419151306,0.9867029786109924,0,0.00019999999494757503,0.006426000036299229,0,1,-0.8900039196014404,-0.2338121086359024,0.3914400637149811,0,0.42512714862823486,-0.7358418107032776,0.5270711183547974,0,0.1648029088973999,0.6355071663856506,0.754301905632019,0,0.009217999875545502,-0.006147999782115221,0.0003760000108741224,1,0.9975550174713135,-0.011737826280295849,0.0688992515206337,0,0.05726506933569908,0.7024309039115906,-0.7094441056251526,0,-0.040070291608572006,0.7116551399230957,0.7013857960700989,0,0,0.0336339995265007,0,1,0.9353899359703064,-0.27305421233177185,0.22469493746757507,0,-0.06920690089464188,0.4817678928375244,0.8735610842704773,0,-0.3467811346054077,-0.8326709866523743,0.43174389004707336,0,0,0.02593100070953369,0,1,0.9854959845542908,0.024026881903409958,-0.16798588633537292,0,0.08895700424909592,0.7698580026626587,0.6319850087165833,0,0.14451083540916443,-0.6377630233764648,0.7565550804138184,0,0,0.019648000597953796,0,1,-0.9275130033493042,0.19458185136318207,-0.31915202736854553,0,-0.32182398438453674,-0.8499999046325684,0.4170493185520172,0,-0.19012898206710815,0.4895293116569519,0.851006805896759,0,-0.009217999875545502,-0.006147999782115221,0.000391999987186864,1,0.9751460552215576,-0.10885870456695557,-0.19297680258750916,0,-0.06835704296827316,0.6806730628013611,-0.7293909192085266,0,0.2107546627521515,0.7244539856910706,0.6563141345977783,0,0,0.03362699970602989,0,1,0.9225850105285645,0.33385589718818665,-0.1933320313692093,0,0.05678602680563927,0.37815210223197937,0.9239999651908875,0,0.38159191608428955,-0.8634470105171204,0.32991909980773926,0,0,0.02593499980866909,0,1,0.9923679828643799,0.015248874202370644,0.12236310541629791,0,-0.08927198499441147,0.7733859419822693,0.627618134021759,0,-0.0850631520152092,-0.6337521076202393,0.7688449025154114,0,0,0.019809000194072723,0,1
